File Started on: 24/11/2015 4:06:40 PM
[3,2],17 
[2,0],3,10108 
[2,3],17 
[3,0],9,10173 
[3,2],15 
[2,0],3,10218 
[3,2],15 
[2,0],3,10259 
[2,3],16 
[3,0],9,10320 
[3,2],15 
[2,0],3,10379 
[3,2],23 
[2,0],3,10420 
[2,3],17 
[3,0],9,10490 
[3,2],15 
[2,0],3,10574 
[2,3],16 
[3,0],9,10639 
[3,2],23 
[2,0],3,10693 
[3,2],23 
[2,0],3,10727 
[2,3],17 
[3,0],9,10772 
[3,2],16 
[2,0],3,10829 
[3,2],16 
[2,0],3,10864 
[2,3],17 
[3,0],9,10920 
[3,2],24 
[2,0],3,10970 
[3,2],16 
[2,0],3,11008 
[2,3],17 
[3,0],9,11068 
[3,2],22 
[2,0],4,11122 
[3,2],15 
[2,0],3,11163 
[2,3],16 
[3,0],9,11239 
[3,2],23 
[2,0],3,11299 
Start Interrupt on 24/11/2015 4:06:42 PM
[3,2],17 
[2,0],2,11331 
[2,3],17 
[3,0],9,11387 
[3,2],16 
[2,0],3,11449 
[3,2],15 
[2,0],3,11487 
[2,3],17 
[3,0],9,11549 
[3,2],15 
[2,0],2,11603 
[3,2],23 
[2,0],3,11633 
[2,3],16 
[3,0],9,11680 
[3,2],15 
[2,0],3,11740 
[3,2],15 
[2,0],3,11767 
[2,3],16 
[3,0],9,11818 
[3,2],24 
[2,0],3,11872 
[3,2],15 
[2,0],3,11913 
[2,3],16 
[3,0],9,11977 
[3,2],24 
[2,0],2,12031 
[3,2],15 
[2,0],3,12086 
[2,3],16 
[3,0],9,12135 
[3,2],15 
[2,0],3,12198 
[0,2],6 
[2,0],3,12231 
End Interrupt on 24/11/2015 4:06:44 PM
[2,3],16 
[3,0],9,12281 
[3,2],24 
[2,0],3,12333 
[3,2],16 
[2,0],3,12355 
[2,3],17 
[3,0],9,12411 
[3,2],22 
[2,0],3,12469 
[3,2],16 
[2,0],3,12493 
[2,3],17 
[3,0],9,12552 
[3,2],15 
[2,0],3,12617 
[3,2],15 
[2,0],3,12655 
[2,3],17 
[3,0],9,12701 
[3,2],23 
Start Interrupt on 24/11/2015 4:06:48 PM
[2,0],3,12752 
[3,2],24 
[2,0],3,12784 
[2,3],17 
[3,0],9,12836 
[3,2],16 
[2,0],3,12878 
[3,2],15 
[2,0],3,12923 
[2,3],16 
[3,0],9,12976 
[3,2],15 
[2,0],3,13038 
[3,2],15 
[2,0],3,13065 
[2,3],16 
[3,0],9,13132 
[3,2],15 
[2,0],3,13190 
[0,3],8 
[3,0],11,13221 
[3,2],15 
[2,0],3,13276 
[3,2],16 
[2,0],3,13306 
[0,2],6 
[2,0],3,17223 
[2,3],16 
End Interrupt on 24/11/2015 4:06:53 PM
[3,0],9,17286 
[3,2],15 
[2,0],3,17326 
[3,2],24 
[2,0],3,17377 
[2,3],16 
[3,0],9,17423 
[3,2],16 
[2,0],4,17474 
[3,2],22 
[2,0],3,17506 
[2,3],16 
[3,0],9,17559 
[3,2],23 
[2,0],4,17619 
[3,2],24 
[2,0],3,17647 
[2,3],16 
[3,0],9,17693 
[3,2],23 
[2,0],4,17736 
[3,2],23 
[2,0],3,17783 
[2,3],16 
[3,0],9,17837 
[3,2],24 
[2,0],3,17891 
[3,2],23 
[2,0],3,17931 
[2,3],16 
[3,0],9,17982 
[3,2],15 
[2,0],3,18028 
[3,2],15 
[2,0],3,18068 
[2,3],16 
[3,0],9,18131 
[3,2],16 
[2,0],3,18204 
[0,3],8 
[3,0],9,18228 
[3,2],15 
Start Interrupt on 24/11/2015 4:06:54 PM
[2,0],3,18234 
[3,2],23 
[2,0],3,18316 
[0,2],6 
[2,0],3,22215 
[2,3],17 
[3,0],9,22267 
[3,2],23 
[2,0],4,22323 
[3,2],23 
[2,0],2,22359 
[2,3],17 
[3,0],9,22423 
[3,2],16 
[2,0],4,22480 
[3,2],16 
[2,0],4,22519 
[2,3],16 
[3,0],10,22565 
[3,2],16 
[2,0],4,22629 
[3,2],15 
[2,0],4,22661 
[2,3],16 
[3,0],10,22717 
[3,2],23 
[2,0],4,22808 
[2,3],16 
[3,0],10,22866 
[3,2],15 
End Interrupt on 24/11/2015 4:06:55 PM
[2,0],4,22914 
[3,2],15 
[2,0],3,22950 
[2,3],17 
[3,0],9,23003 
[3,2],15 
[2,0],3,23073 
[3,2],23 
[2,0],4,23102 
[2,3],16 
[3,0],10,23152 
[3,2],23 
[2,0],3,23214 
[0,3],8 
[3,0],9,23219 
[3,2],15 
[2,0],3,23255 
[2,3],16 
[3,0],9,23303 
[3,2],23 
[2,0],4,23349 
[3,2],15 
[2,0],3,23394 
[2,3],16 
[3,0],9,23449 
[3,2],23 
File Started on: 24/11/2015 4:07:03 PM
[2,3],17 
[3,0],10,-32164 
[3,2],16 
[2,0],4,-32115 
[3,2],16 
[2,0],3,-32062 
[2,3],16 
[3,0],10,-32012 
[3,2],15 
[2,0],3,-31965 
[3,2],23 
[2,0],3,-31932 
[2,3],17 
[3,0],10,-31875 
[3,2],15 
[2,0],4,-31811 
[3,2],15 
[2,0],4,-31762 
[2,3],16 
[3,0],10,-31713 
[3,2],23 
[2,0],4,-31656 
[3,2],22 
[2,0],4,-31619 
[2,3],17 
[3,0],10,-31563 
[3,2],23 
[2,0],3,-31519 
[3,2],15 
[2,0],4,-31479 
[2,3],16 
[3,0],10,-31421 
[3,2],23 
[2,0],4,-31378 
[3,2],22 
Start Interrupt on 24/11/2015 4:07:04 PM
[2,0],4,-31342 
[2,3],17 
[3,0],10,-31291 
[3,2],23 
[2,0],4,-31235 
[3,2],17 
[2,0],3,-31191 
[2,3],17 
[3,0],10,-31132 
[3,2],15 
[2,0],3,-31093 
[3,2],15 
[2,0],4,-31057 
[2,3],16 
[3,0],10,-31006 
[3,2],24 
[2,0],3,-30927 
[3,2],15 
[2,0],3,-30904 
[2,3],17 
[3,0],9,-30835 
[3,2],23 
[2,0],3,-30774 
[3,2],15 
[2,0],3,-30743 
[2,3],16 
[3,0],9,-30691 
[3,2],16 
[2,0],3,-30648 
[3,2],24 
[2,0],3,-30610 
[2,3],16 
[3,0],10,-30558 
End Interrupt on 24/11/2015 4:07:05 PM
[3,2],17 
[2,0],3,-30499 
[3,2],16 
[2,0],4,-30451 
[2,3],17 
[3,0],10,-30401 
[3,2],15 
[2,0],3,-30340 
[3,2],15 
[2,0],3,-30313 
[2,3],17 
[3,0],10,-30262 
[3,2],15 
[2,0],4,-30215 
[3,2],16 
[2,0],4,-30190 
[2,3],17 
[3,0],10,-30148 
[3,2],15 
[2,0],3,-30087 
[3,2],15 
[2,0],3,-30049 
[2,3],16 
[3,0],10,-29979 
[3,2],16 
[2,0],3,-29921 
[3,2],24 
[2,0],3,-29884 
[2,3],16 
[3,0],10,-29836 
[3,2],16 
[2,0],4,-29776 
[3,2],23 
[2,0],4,-29748 
[2,3],17 
[3,0],10,-29688 
