File Started on: 24/11/2015 4:44:46 PM
0,7502 
[3,4],0 
[4,0],6,7539 
[4,3],-6 
[3,0],0,7589 
[4,3],-3 
[3,0],0,7651 
[0,4],8 
[4,0],6,8504 
[4,3],-2 
[3,0],1,8540 
[0,3],0 
Start Interrupt on 24/11/2015 4:44:55 PM
[3,0],2,12511 
[3,4],0 
[4,0],5,12546 
[4,3],-6 
[3,0],2,12627 
[0,4],8 
[4,0],6,13506 
[4,3],-6 
[3,0],2,13542 
End Interrupt on 24/11/2015 4:44:58 PM
[4,3],-3 
[3,0],1,13587 
[0,3],0 
[3,0],1,17508 
[3,4],0 
[4,0],6,17542 
[3,4],0 
[4,0],6,17561 
[4,3],-2 
Start Interrupt on 24/11/2015 4:45:02 PM
End Interrupt on 24/11/2015 4:45:03 PM
File Started on: 24/11/2015 4:45:19 PM
[0,3],0 
[3,0],2,-23029 
[3,4],0 
[4,0],6,-22996 
[3,4],0 
[4,0],5,-22975 
[4,3],-6 
[3,0],1,-22885 
[0,4],8 
[4,0],5,-22029 
Start Interrupt on 24/11/2015 4:45:23 PM
[4,3],-6 
[3,0],1,-21983 
[3,4],-1 
[4,0],5,-21946 
[0,3],1 
[3,0],2,-18028 
[3,4],0 
End Interrupt on 24/11/2015 4:45:26 PM
[4,0],5,-17995 
[3,4],0 
[4,0],5,-17972 
[4,3],-5 
[3,0],2,-17896 
[0,4],8 
[4,0],5,-17017 
[4,3],-3 
[3,0],1,-16975 
Start Interrupt on 24/11/2015 4:45:28 PM
[3,4],0 
[4,0],5,-16928 
[4,3],-6 
[3,0],1,-16891 
[4,3],-3 
[3,0],1,-16848 
[3,4],0 
End Interrupt on 24/11/2015 4:45:32 PM
[4,0],6,-16811 
[4,3],-6 
[3,0],1,-16716 
[3,4],0 
[4,0],6,-16684 
[4,3],-6 
[3,0],2,-16580 
[0,3],0 
File Started on: 1/12/2015 9:32:12 PM
[0,2],	6 
[2,0] 	 4 	 12298 
[0,2],	5 
File Started on: 1/12/2015 10:33:34 PM
[0,2],	4 
[2,0] 	 1 	 -16095 
[0,2],	6 
[2,0] 	 4 	 -1090 
File Started on: 1/12/2015 10:35:20 PM
?0,r?,	5 
?2,0? 	`2 	 m27q67`
?0l2?l	10`
?2,0?`	 v`	 -12q66 
File Started on: 1/12/2015 10:37:13 PM
?0,2?,	9 
?r,p?`	 u`	 12297`
?0,r?,	8 
?rlp? 	`v`	 rwr97 
?p,2?,	6`
?2,p? 	`4 	`-2s241`
?0,2?,	w 
?r,p? 	 3 	 m82t2 
?0,2?,	9 
?2,p? 	 5`	 676v 
?0,2?,	10 
?2,0? 	 6 	 21758 
File Started on: 1/12/2015 10:40:47 PM
[0,2],	7 
[2,0] 	 5 	 -24841 
[0,2],	8 
[2,0] 	 5 	 -9843 
[0,2],	7 
[2,0] 	 5 	 5147 
[0,2],	7 
[2,0] 	 4 	 20155 
[0,2],	7 
[2,0] 	 4 	 -30379 
[0,2],	7 
[2,0] 	 4 	 -15385 
File Started on: 1/12/2015 10:44:49 PM
[0,2],	10 
[2,0] 	 6 	 18545 
[0,2?,	12 
?2,0] 	 8 	 -31988 
?0,2?,	13 
?2,0] 	 8 	 -16988 
[0,2?,	10 
[2,0? 	 6 	 -1992 
?0,2?,	8 
?2,0? 	 6 	 13012 
?0,2?,	8 
?2,0? 	 4 	 28014 
File Started on: 1/12/2015 10:51:25 PM
?0lr?l	qq`
?2lp?`	 6`	`30srv 
?plr?,	qr`
?rlp?`	 v 	 mrp204`
File Started on: 1/12/2015 10:53:18 PM
[0,2],	14 
[2,0] 	 10 	 -14489 
[0,2],	11 
File Started on: 1/12/2015 10:54:42 PM
[0,2],	5 
[2,0] 	 4 	 -5024 
[0,2],	6 
[2,0] 	 3 	 9978 
[0,2],	13 
[2,0] 	 8 	 24975 
[0,2],	14 
[2,0] 	 8 	 -25560 
[0,2],	13 
[2,0] 	 8 	 -10560 
[0,2],	14 
[2,0] 	 8 	 4447 
File Started on: 1/12/2015 10:58:17 PM
File Started on: 1/12/2015 11:05:08 PM
[0,2],	3 
[2,0] 	 1 	 -15390 
[0,2],	4 
[2,0] 	 1 	 -385 
[0,2],	2 
[2,0] 	 0 	 14612 
[0,2],	4 
[2,0] 	 0 	 29615 
File Started on: 1/12/2015 11:07:33 PM
[0,2],	6 
[2,0] 	 3 	 3546 
[0,2],	4 
[2,0] 	 2 	 18544 
[0,2],	4 
[2,0] 	 1 	 -31993 
[0,2],	5 
[2,0] 	 3 	 -16993 
[0,2],	6 
[2,0] 	 3 	 -1992 
[0,2],	4 
[2,0] 	 2 	 13003 
[0,2],	5 
[2,0] 	 2 	 28010 
[0,2],	5 
[2,0] 	 2 	 -22528 
[0,2],	5 
[2,0] 	 2 	 -7524 
[0,2],	6 
[2,0] 	 3 	 7471 
[0,2],	-10 
[2,0] 	 -13 	 22478 
[0,2],	-8 
[2,0] 	 -10 	 -28070 
[2,3],	6 
[3,0] 	 -7 	 -28043 
[2,3],	6 
[3,0] 	 -4 	 -28011 
[0,3],	-8 
[3,0] 	 -6 	 -25069 
[3,2],	14 
[2,0] 	 -10 	 -25046 
[0,4],	0 
[4,0] 	 0 	 -22058 
[0,2],	-1 
[2,0] 	 -7 	 -13060 
[2,4],	17 
[4,0] 	 7 	 -13029 
[0,3],	-8 
[3,0] 	 -6 	 -10069 
[3,4],	18 
[4,0] 	 10 	 -10041 
[3,4],	18 
[4,0] 	 10 	 -10021 
[3,2],	13 
[2,0] 	 3 	 -10015 
[3,2],	13 
[2,0] 	 4 	 -9988 
[2,4],	16 
[4,0] 	 9 	 -9957 
[2,3],	6 
[3,0] 	 -6 	 -9921 
[4,2],	18 
[2,0] 	 4 	 -9912 
[3,4],	18 
[4,0] 	 8 	 -9887 
[3,4],	16 
[4,0] 	 8 	 -9866 
[3,2],	13 
[2,0] 	 4 	 -9860 
[3,2],	13 
[2,0] 	 4 	 -9829 
[2,4],	15 
[4,0] 	 8 	 -9806 
[2,3],	6 
[3,0] 	 -6 	 -9782 
[4,3],	18 
[3,0] 	 -8 	 -9764 
[4,2],	18 
[2,0] 	 3 	 -9758 
[4,2],	18 
[2,0] 	 4 	 -9729 
[3,2],	13 
[2,0] 	 4 	 -9688 
[2,4],	14 
[4,0] 	 8 	 -9645 
[4,2],	18 
[2,0] 	 4 	 -9598 
[3,4],	16 
[4,0] 	 7 	 -9585 
[4,2],	18 
[2,0] 	 4 	 -9550 
[2,3],	5 
[3,0] 	 -15 	 -9510 
[2,4],	17 
[4,0] 	 8 	 -9504 
[3,4],	16 
[4,0] 	 8 	 -9473 
[3,2],	12 
[2,0] 	 4 	 -9443 
[4,3],	18 
[3,0] 	 -12 	 -9425 
[3,2],	12 
[2,0] 	 4 	 -9396 
[4,3],	18 
[3,0] 	 -12 	 -9369 
[2,4],	17 
[4,0] 	 7 	 -9363 
[3,2],	12 
[2,0] 	 4 	 -9309 
[4,2],	18 
[2,0] 	 4 	 -9289 
[4,3],	18 
[3,0] 	 -10 	 -9269 
[0,4],	10 
[4,0] 	 6 	 -7064 
[4,2],	18 
[2,0] 	 6 	 -7009 
[4,3],	18 
[3,0] 	 -8 	 -7003 
[4,2],	18 
[2,0] 	 6 	 -6976 
[3,4],	18 
[4,0] 	 6 	 -6923 
[3,2],	12 
[2,0] 	 6 	 -6916 
[3,2],	12 
[2,0] 	 6 	 -6882 
[4,3],	18 
[3,0] 	 -8 	 -6867 
[2,3],	5 
[3,0] 	 -9 	 -6834 
[3,2],	12 
[2,0] 	 6 	 -6788 
[3,4],	18 
[4,0] 	 6 	 -6783 
[3,2],	12 
[2,0] 	 5 	 -6746 
[4,3],	18 
[3,0] 	 -9 	 -6739 
[2,4],	17 
[4,0] 	 6 	 -6707 
[2,3],	5 
[3,0] 	 -9 	 -6689 
[3,2],	12 
[2,0] 	 5 	 -6637 
[3,4],	19 
[4,0] 	 6 	 -6631 
[3,2],	12 
[2,0] 	 6 	 -6585 
[4,2],	18 
[2,0] 	 6 	 -6530 
[4,3],	18 
[3,0] 	 -8 	 -6524 
[3,2],	12 
[2,0] 	 6 	 -6487 
[3,4],	16 
[4,0] 	 6 	 -6481 
[4,2],	18 
[2,0] 	 6 	 -6439 
[4,2],	18 
[2,0] 	 6 	 -6399 
[4,3],	18 
[3,0] 	 -9 	 -6393 
[2,4],	16 
[4,0] 	 6 	 -6368 
[2,3],	5 
[3,0] 	 -9 	 -6362 
[3,2],	12 
[2,0] 	 6 	 -6322 
[3,2],	13 
[2,0] 	 5 	 -6295 
[4,3],	18 
[3,0] 	 -9 	 -6267 
[2,4],	16 
[4,0] 	 6 	 -6261 
[2,3],	5 
[3,0] 	 -8 	 -6238 
[2,4],	17 
[4,0] 	 6 	 -6232 
[4,3],	18 
[3,0] 	 -9 	 -6212 
[4,2],	18 
[2,0] 	 6 	 -6203 
[2,3],	5 
[3,0] 	 -9 	 -6169 
[4,2],	18 
[2,0] 	 5 	 -6153 
[4,3],	18 
[3,0] 	 -9 	 -6137 
[2,4],	16 
[4,0] 	 6 	 -6106 
[2,3],	5 
[3,0] 	 -8 	 -6101 
[4,2],	18 
[2,0] 	 6 	 -6070 
[4,2],	18 
[2,0] 	 6 	 -6041 
[4,3],	18 
[3,0] 	 -9 	 -6015 
[2,4],	15 
[4,0] 	 6 	 -6005 
[4,3],	18 
File Started on: 1/12/2015 11:20:38 PM
[0,3],	0 
[3,0] 	 1 	 15107 
[3,2],	12 
[2,0] 	 5 	 15145 
[3,4],	16 
[4,0] 	 8 	 15151 
[4,2],	17 
[2,0] 	 6 	 15218 
[4,3],	18 
[3,0] 	 2 	 15234 
[4,3],	18 
[3,0] 	 1 	 15326 
[2,4],	16 
[4,0] 	 8 	 15331 
[0,4],	12 
[4,0] 	 8 	 18109 
[4,3],	18 
[3,0] 	 2 	 18143 
[3,4],	18 
[4,0] 	 8 	 18193 
[3,2],	13 
[2,0] 	 5 	 18199 
[3,2],	12 
[2,0] 	 5 	 18217 
[4,3],	18 
[3,0] 	 2 	 18226 
[2,4],	16 
[4,0] 	 8 	 18250 
[2,3],	5 
[3,0] 	 2 	 18277 
[2,4],	16 
[4,0] 	 8 	 18282 
[4,3],	18 
[3,0] 	 2 	 18307 
[3,2],	12 
[2,0] 	 5 	 18359 
[0,2],	8 
[2,0] 	 5 	 27116 
[2,4],	16 
[4,0] 	 9 	 27136 
[2,3],	6 
[3,0] 	 2 	 27170 
[2,4],	16 
[4,0] 	 8 	 27175 
[3,4],	18 
[4,0] 	 8 	 27239 
[3,2],	12 
[2,0] 	 5 	 27246 
[3,2],	12 
[2,0] 	 5 	 27278 
[2,4],	16 
[4,0] 	 8 	 27316 
[2,3],	6 
[3,0] 	 2 	 27328 
[3,4],	18 
[4,0] 	 8 	 27365 
[3,2],	12 
[2,0] 	 5 	 27399 
[3,2],	12 
[2,0] 	 5 	 27427 
[4,2],	17 
[2,0] 	 5 	 27462 
[4,3],	18 
[3,0] 	 2 	 27474 
[2,4],	16 
[4,0] 	 8 	 27494 
[2,3],	5 
Start Interrupt on 1/12/2015 11:21:08 PM
[3,0] 	 2 	 27500 
[4,2],	17 
[2,0] 	 6 	 27528 
[3,2],	12 
[2,0] 	 5 	 27548 
[3,4],	18 
[4,0] 	 9 	 27554 
[2,4],	16 
[4,0] 	 9 	 27589 
[2,3],	6 
[3,0] 	 2 	 27612 
[2,4],	16 
[4,0] 	 9 	 27618 
[3,2],	12 
[2,0] 	 5 	 27667 
[4,3],	18 
[3,0] 	 2 	 27672 
[3,2],	12 
[2,0] 	 5 	 27704 
[4,3],	18 
[3,0] 	 2 	 27728 
[2,4],	15 
[4,0] 	 8 	 27734 
[2,3],	6 
[3,0] 	 2 	 27752 
[3,4],	18 
[4,0] 	 9 	 27787 
[3,2],	13 
[2,0] 	 5 	 27793 
[4,2],	17 
[2,0] 	 5 	 27824 
[0,3],	-1 
[3,0] 	 1 	 30107 
[3,4],	23 
[4,0] 	 9 	 30136 
[3,4],	15 
[4,0] 	 9 	 30170 
[3,2],	12 
[2,0] 	 4 	 30176 
[2,4],	16 
[4,0] 	 9 	 30209 
[0,4],	12 
[4,0] 	 8 	 -32425 
[4,3],	18 
[3,0] 	 2 	 -32398 
[0,2],	8 
[2,0] 	 4 	 -23418 
[2,3],	6 
[3,0] 	 2 	 -23383 
[2,4],	16 
[4,0] 	 9 	 -23371 
[3,4],	23 
[4,0] 	 9 	 -23342 
[3,2],	12 
[2,0] 	 4 	 -23302 
[0,3],	-1 
[3,0] 	 2 	 -20417 
[3,4],	15 
[4,0] 	 9 	 -20386 
[3,2],	13 
End Interrupt on 1/12/2015 11:21:15 PM
File Started on: 1/12/2015 11:58:12 PM
[0,2],	8 
[2,0] 	 5 	 28352 
[2,3],	6 
[3,0] 	 0 	 28381 
[2,4],	15 
[4,0] 	 8 	 28401 
[3,2],	13 
[2,0] 	 4 	 28427 
[4,2],	17 
[2,0] 	 5 	 28489 
[4,3],	17 
[3,0] 	 0 	 28509 
[0,3],	-2 
[3,0] 	 0 	 31356 
[3,2],	13 
[2,0] 	 4 	 31396 
[3,4],	21 
[4,0] 	 7 	 31402 
[2,3],	6 
[3,0] 	 0 	 31439 
[4,2],	17 
[2,0] 	 4 	 31482 
[3,4],	21 
[4,0] 	 7 	 31495 
[2,3],	6 
[3,0] 	 0 	 31516 
[0,4],	11 
[4,0] 	 8 	 -31185 
[4,2],	17 
[2,0] 	 5 	 -31135 
[4,3],	16 
[3,0] 	 0 	 -31129 
[4,2],	17 
[2,0] 	 5 	 -31095 
[4,3],	16 
[3,0] 	 0 	 -31083 
[3,2],	13 
[2,0] 	 5 	 -31036 
[3,4],	21 
[4,0] 	 7 	 -31030 
[3,2],	13 
[2,0] 	 5 	 -31016 
[4,3],	16 
[3,0] 	 0 	 -30988 
[2,3],	6 
[3,0] 	 0 	 -30969 
[3,4],	21 
[4,0] 	 7 	 -30931 
[3,2],	13 
[2,0] 	 5 	 -30925 
[4,2],	17 
[2,0] 	 5 	 -30893 
[4,2],	17 
[2,0] 	 5 	 -30860 
[4,3],	16 
[3,0] 	 0 	 -30848 
[2,4],	15 
[4,0] 	 7 	 -30806 
[2,3],	6 
[3,0] 	 0 	 -30799 
[4,2],	17 
[2,0] 	 4 	 -30759 
[3,2],	13 
[2,0] 	 4 	 -30717 
[4,3],	17 
[3,0] 	 0 	 -30711 
[2,3],	6 
[3,0] 	 1 	 -30672 
[2,4],	16 
[4,0] 	 7 	 -30666 
[4,3],	17 
[3,0] 	 0 	 -30622 
[4,2],	17 
[2,0] 	 5 	 -30585 
[0,2],	4 
[2,0] 	 3 	 -22180 
[2,4],	15 
[4,0] 	 4 	 -22139 
[2,3],	6 
[3,0] 	 0 	 -22133 
[4,2],	16 
[2,0] 	 4 	 -22110 
[3,2],	12 
[2,0] 	 4 	 -22069 
[4,3],	18 
[3,0] 	 0 	 -22033 
[2,4],	15 
[4,0] 	 6 	 -22022 
[4,3],	17 
[3,0] 	 0 	 -21982 
[4,2],	16 
[2,0] 	 3 	 -21976 
[2,3],	6 
[3,0] 	 0 	 -21952 
[4,2],	16 
[2,0] 	 4 	 -21942 
[3,2],	13 
[2,0] 	 3 	 -21912 
[3,4],	22 
[4,0] 	 4 	 -21904 
[3,2],	13 
[2,0] 	 4 	 -21869 
[4,3],	18 
[3,0] 	 0 	 -21853 
[4,2],	16 
[2,0] 	 4 	 -21846 
[4,2],	16 
[2,0] 	 4 	 -21811 
[4,3],	17 
[3,0] 	 0 	 -21805 
[3,4],	21 
[4,0] 	 5 	 -21767 
[3,2],	13 
[2,0] 	 4 	 -21723 
[4,3],	17 
[3,0] 	 0 	 -21704 
[4,2],	16 
[2,0] 	 3 	 -21659 
[4,3],	18 
[3,0] 	 0 	 -21653 
[3,4],	16 
[4,0] 	 5 	 -21604 
[3,2],	12 
[2,0] 	 4 	 -21598 
[4,2],	16 
[2,0] 	 4 	 -21513 
[4,3],	18 
[3,0] 	 0 	 -21501 
[0,3],	-1 
[3,0] 	 0 	 -19186 
[3,2],	13 
[2,0] 	 3 	 -19142 
[3,4],	16 
[4,0] 	 4 	 -19136 
[4,2],	17 
[2,0] 	 3 	 -19060 
[4,3],	18 
[3,0] 	 0 	 -19054 
[2,3],	6 
[3,0] 	 0 	 -19025 
[3,2],	12 
[2,0] 	 4 	 -18987 
[3,4],	22 
[4,0] 	 4 	 -18981 
[4,3],	18 
[3,0] 	 0 	 -18942 
[4,2],	16 
[2,0] 	 3 	 -18903 
[4,3],	18 
[3,0] 	 0 	 -18894 
[3,2],	13 
[2,0] 	 3 	 -18852 
[3,4],	22 
[4,0] 	 4 	 -18846 
[2,3],	6 
[3,0] 	 1 	 -18807 
[3,4],	16 
[4,0] 	 4 	 -18769 
[3,2],	12 
[2,0] 	 3 	 -18730 
[3,4],	14 
[4,0] 	 4 	 -18724 
[3,2],	12 
[2,0] 	 4 	 -18695 
[2,4],	15 
[4,0] 	 4 	 -18665 
[2,3],	6 
[3,0] 	 0 	 -18651 
[2,3],	6 
[3,0] 	 0 	 -18578 
[4,2],	15 
[2,0] 	 3 	 -18566 
[4,3],	18 
[3,0] 	 1 	 -18560 
[2,4],	15 
[4,0] 	 4 	 -18533 
[2,3],	6 
[3,0] 	 0 	 -18526 
[3,4],	14 
[4,0] 	 4 	 -18496 
[3,2],	13 
[2,0] 	 4 	 -18459 
[3,2],	13 
[2,0] 	 4 	 -18419 
[2,4],	15 
[4,0] 	 4 	 -18390 
File Started on: 2/12/2015 9:04:29 AM
[0,3],	-2 
[3,0] 	 -4 	 -11487 
[0,4],	6 
[4,0] 	 4 	 -8485 
[0,2],	6 
[2,0] 	 1 	 512 
[2,4],	27 
[4,0] 	 3 	 549 
[4,2],	28 
[2,0] 	 2 	 590 
[4,3],	22 
[3,0] 	 -1 	 596 
[4,2],	28 
[2,0] 	 2 	 656 
[4,3],	22 
[3,0] 	 -1 	 662 
[2,4],	27 
[4,0] 	 4 	 690 
[2,3],	18 
[3,0] 	 0 	 696 
[4,2],	28 
[2,0] 	 1 	 728 
[2,3],	18 
[3,0] 	 0 	 761 
[4,2],	28 
[2,0] 	 2 	 774 
[4,3],	18 
[3,0] 	 0 	 794 
[2,3],	18 
[3,0] 	 -1 	 814 
[2,4],	27 
[4,0] 	 5 	 819 
[3,4],	20 
[4,0] 	 4 	 843 
[3,2],	17 
[2,0] 	 1 	 866 
[3,2],	22 
[2,0] 	 2 	 903 
[4,3],	22 
[3,0] 	 0 	 922 
[2,4],	27 
[4,0] 	 4 	 933 
[4,3],	22 
[3,0] 	 -1 	 963 
[4,2],	28 
[2,0] 	 2 	 1013 
[4,3],	22 
[3,0] 	 -1 	 1035 
[0,3],	0 
[3,0] 	 0 	 3503 
[3,4],	20 
[4,0] 	 4 	 3530 
[3,2],	15 
[2,0] 	 2 	 3554 
[2,3],	18 
[3,0] 	 0 	 3596 
[4,2],	28 
[2,0] 	 1 	 3602 
[3,4],	20 
[4,0] 	 5 	 3625 
[3,2],	16 
[2,0] 	 2 	 3660 
[4,3],	18 
[3,0] 	 0 	 3669 
[4,2],	28 
[2,0] 	 2 	 3708 
[4,3],	18 
[3,0] 	 0 	 3720 
[0,4],	6 
[4,0] 	 4 	 6518 
[4,3],	18 
[3,0] 	 0 	 6557 
[4,2],	28 
[2,0] 	 2 	 6564 
[4,2],	28 
[2,0] 	 2 	 6600 
[4,3],	18 
[3,0] 	 -1 	 6612 
[0,2],	5 
[2,0] 	 2 	 15514 
[2,3],	18 
[3,0] 	 -1 	 15548 
[2,4],	27 
[4,0] 	 5 	 15561 
[3,2],	17 
[2,0] 	 2 	 15632 
[4,2],	28 
[2,0] 	 2 	 15655 
[4,3],	22 
[3,0] 	 -1 	 15664 
[0,3],	-4 
[3,0] 	 0 	 18515 
[3,4],	19 
[4,0] 	 5 	 18549 
[3,2],	17 
[2,0] 	 2 	 18587 
[4,3],	19 
[3,0] 	 -1 	 18594 
[4,2],	28 
[2,0] 	 2 	 18623 
[4,3],	18 
[3,0] 	 0 	 18632 
[3,4],	20 
[4,0] 	 5 	 18675 
[3,2],	23 
[2,0] 	 2 	 18680 
[4,2],	27 
[2,0] 	 2 	 18704 
[4,2],	28 
[2,0] 	 2 	 18754 
[4,3],	18 
[3,0] 	 0 	 18768 
[2,4],	27 
[4,0] 	 5 	 18787 
[2,3],	18 
[3,0] 	 0 	 18793 
[4,2],	28 
[2,0] 	 2 	 18827 
[4,2],	28 
[2,0] 	 2 	 18862 
[4,3],	22 
[3,0] 	 0 	 18884 
[2,4],	27 
[4,0] 	 5 	 18920 
[2,3],	18 
[3,0] 	 -1 	 18926 
[3,4],	20 
[4,0] 	 5 	 18960 
[4,2],	28 
[2,0] 	 2 	 19010 
[0,4],	6 
[4,0] 	 5 	 21511 
[0,2],	5 
[2,0] 	 2 	 30511 
[2,3],	18 
[3,0] 	 0 	 30551 
[2,4],	27 
[4,0] 	 5 	 30557 
[3,4],	19 
[4,0] 	 5 	 30587 
[3,2],	15 
[2,0] 	 2 	 30612 
[3,4],	19 
[4,0] 	 5 	 30618 
[4,2],	28 
[2,0] 	 1 	 30651 
[0,3],	-1 
[3,0] 	 -1 	 -32027 
[3,4],	18 
[4,0] 	 6 	 -31991 
[3,2],	15 
[2,0] 	 2 	 -31977 
[2,3],	18 
[3,0] 	 0 	 -31932 
[2,4],	26 
[4,0] 	 6 	 -31926 
[4,2],	28 
[2,0] 	 1 	 -31875 
[2,3],	18 
[3,0] 	 -1 	 -31839 
[3,4],	19 
[4,0] 	 6 	 -31811 
[3,4],	19 
[4,0] 	 6 	 -31778 
[4,2],	29 
[2,0] 	 1 	 -31711 
[3,4],	18 
[4,0] 	 6 	 -31705 
[3,2],	22 
[2,0] 	 2 	 -31683 
[3,4],	20 
[4,0] 	 6 	 -31677 
[3,2],	15 
[2,0] 	 2 	 -31639 
[4,3],	18 
[3,0] 	 -1 	 -31631 
[4,2],	28 
[2,0] 	 2 	 -31595 
[4,3],	22 
[3,0] 	 0 	 -31581 
[3,2],	15 
[2,0] 	 1 	 -31541 
[3,4],	20 
[4,0] 	 5 	 -31534 
[2,3],	18 
[3,0] 	 -1 	 -31499 
[4,2],	28 
[2,0] 	 1 	 -31437 
[4,3],	18 
[3,0] 	 0 	 -31422 
[2,3],	18 
[3,0] 	 0 	 -31398 
[3,2],	14 
[2,0] 	 1 	 -31351 
[3,4],	19 
[4,0] 	 6 	 -31345 
[3,2],	14 
[2,0] 	 1 	 -31316 
[4,3],	22 
[3,0] 	 -1 	 -31302 
[4,2],	28 
[2,0] 	 1 	 -31272 
[4,3],	22 
[3,0] 	 -1 	 -31266 
[3,4],	19 
[4,0] 	 6 	 -31229 
[3,2],	14 
[2,0] 	 1 	 -31223 
[2,3],	18 
[3,0] 	 -1 	 -31184 
[4,2],	28 
[2,0] 	 2 	 -31140 
[3,2],	14 
[2,0] 	 1 	 -31078 
[2,3],	18 
[3,0] 	 -1 	 -31045 
[2,4],	26 
[4,0] 	 6 	 -31039 
[4,2],	28 
[2,0] 	 2 	 -30998 
[4,3],	18 
[3,0] 	 0 	 -30992 
[4,2],	28 
[2,0] 	 2 	 -30956 
[2,3],	18 
[3,0] 	 0 	 -30917 
[2,4],	26 
[4,0] 	 5 	 -30911 
[4,2],	28 
[2,0] 	 2 	 -30872 
[3,2],	15 
[2,0] 	 1 	 -30852 
[2,4],	25 
[4,0] 	 4 	 -30825 
[2,4],	26 
[4,0] 	 5 	 -30798 
[2,3],	18 
[3,0] 	 0 	 -30790 
[4,2],	28 
[2,0] 	 1 	 -30755 
[4,3],	22 
[3,0] 	 0 	 -30749 
[3,2],	17 
[2,0] 	 1 	 -30717 
[2,4],	24 
[4,0] 	 6 	 -30677 
[4,3],	18 
[3,0] 	 0 	 -30637 
[4,2],	28 
[2,0] 	 1 	 -30631 
[2,3],	18 
[3,0] 	 0 	 -30603 
[3,4],	20 
[4,0] 	 6 	 -30566 
[3,2],	23 
[2,0] 	 2 	 -30560 
[2,3],	18 
[3,0] 	 0 	 -30521 
[4,2],	28 
[2,0] 	 1 	 -30513 
[4,2],	28 
[2,0] 	 1 	 -30485 
[3,4],	20 
[4,0] 	 6 	 -30454 
[3,2],	16 
[2,0] 	 2 	 -30424 
[4,2],	28 
[2,0] 	 2 	 -30407 
[4,3],	22 
[3,0] 	 -1 	 -30401 
[2,3],	18 
[3,0] 	 -1 	 -30375 
[4,3],	18 
[3,0] 	 0 	 -30350 
[3,4],	19 
[4,0] 	 6 	 -30319 
[3,2],	15 
[2,0] 	 2 	 -30313 
[3,2],	15 
[2,0] 	 0 	 -30289 
[4,3],	18 
[3,0] 	 0 	 -30271 
[4,2],	28 
[2,0] 	 2 	 -30234 
[4,3],	18 
[3,0] 	 0 	 -30219 
[3,4],	20 
[4,0] 	 5 	 -30172 
[3,2],	15 
[2,0] 	 1 	 -30164 
[3,2],	15 
[2,0] 	 2 	 -30143 
[4,3],	18 
[3,0] 	 0 	 -30134 
[2,4],	26 
[4,0] 	 6 	 -30115 
[2,4],	26 
[4,0] 	 5 	 -30099 
[2,3],	18 
[3,0] 	 0 	 -30092 
[3,4],	20 
[4,0] 	 5 	 -30054 
[3,2],	15 
[2,0] 	 1 	 -30048 
[3,2],	16 
[2,0] 	 2 	 -30011 
[4,3],	22 
[3,0] 	 0 	 -30001 
[4,3],	22 
[3,0] 	 -1 	 -29964 
[2,4],	26 
[4,0] 	 4 	 -29954 
[4,2],	28 
File Started on: 2/12/2015 9:11:07 AM
[0,4],	5 
[4,0] 	 4 	 3288 
[4,3],	21 
[3,0] 	 -1 	 3322 
[4,2],	28 
[2,0] 	 -9 	 3353 
[3,4],	18 
[4,0] 	 4 	 3365 
[2,4],	27 
[4,0] 	 4 	 3401 
[2,3],	20 
[3,0] 	 -2 	 3407 
[3,2],	17 
[2,0] 	 -10 	 3454 
[3,4],	18 
[4,0] 	 2 	 3460 
[3,2],	18 
[2,0] 	 -10 	 3494 
[2,4],	27 
[4,0] 	 4 	 3532 
[2,3],	20 
[3,0] 	 -2 	 3549 
[3,4],	18 
[4,0] 	 4 	 3574 
[3,4],	18 
[4,0] 	 4 	 3596 
[3,2],	18 
[2,0] 	 -9 	 3602 
[4,3],	21 
[3,0] 	 -2 	 3624 
[4,2],	27 
[2,0] 	 -10 	 3662 
[4,3],	20 
[3,0] 	 -4 	 3675 
[2,4],	25 
[4,0] 	 4 	 3695 
[2,3],	20 
[3,0] 	 -4 	 3701 
[4,2],	29 
[2,0] 	 -9 	 3730 
[3,4],	18 
[4,0] 	 4 	 3740 
[2,3],	20 
[3,0] 	 -6 	 3755 
[4,2],	29 
[2,0] 	 -8 	 3780 
[2,4],	25 
[4,0] 	 3 	 3820 
[2,3],	20 
[3,0] 	 -8 	 3827 
[0,2],	4 
[2,0] 	 0 	 12300 
[2,3],	20 
[3,0] 	 -1 	 12333 
[2,4],	27 
[4,0] 	 6 	 12344 
[2,4],	27 
[4,0] 	 6 	 12368 
[4,3],	18 
[3,0] 	 -1 	 12400 
[4,2],	29 
[2,0] 	 0 	 12429 
[2,3],	20 
[3,0] 	 -1 	 12452 
[3,4],	19 
[4,0] 	 6 	 12490 
[3,2],	17 
[2,0] 	 0 	 12508 
[4,2],	27 
[2,0] 	 0 	 12535 
[4,3],	18 
[3,0] 	 -1 	 12584 
[0,3],	0 
[3,0] 	 -1 	 15303 
[3,2],	17 
[2,0] 	 0 	 15353 
[3,4],	18 
[4,0] 	 6 	 15359 
[3,2],	17 
[2,0] 	 0 	 15398 
[4,3],	18 
[3,0] 	 -1 	 15404 
[4,2],	28 
[2,0] 	 0 	 15425 
[4,3],	20 
[3,0] 	 -1 	 15445 
[2,4],	25 
[4,0] 	 6 	 15456 
[4,3],	21 
[3,0] 	 -1 	 15494 
[4,2],	27 
[2,0] 	 -1 	 15501 
[4,2],	27 
[2,0] 	 0 	 15526 
[4,3],	18 
[3,0] 	 -1 	 15538 
[2,3],	20 
[3,0] 	 -1 	 15567 
[2,4],	27 
[4,0] 	 6 	 15574 
[3,2],	16 
[2,0] 	 0 	 15612 
[4,3],	21 
[3,0] 	 -1 	 15618 
[3,2],	18 
[2,0] 	 0 	 15659 
[4,3],	21 
[3,0] 	 -1 	 15672 
[2,4],	27 
[4,0] 	 6 	 15689 
[2,3],	20 
[3,0] 	 0 	 15722 
[3,4],	19 
[4,0] 	 5 	 15763 
[3,2],	16 
[2,0] 	 0 	 15803 
[2,4],	27 
[4,0] 	 6 	 15831 
[2,4],	27 
[4,0] 	 6 	 15875 
[2,3],	20 
[3,0] 	 -1 	 15881 
[4,2],	27 
[2,0] 	 0 	 15918 
[4,2],	28 
[2,0] 	 0 	 15973 
[4,3],	17 
[3,0] 	 -1 	 15986 
[2,3],	20 
[3,0] 	 -1 	 16008 
[2,4],	27 
[4,0] 	 6 	 16014 
[3,2],	16 
[2,0] 	 0 	 16055 
[4,3],	18 
[3,0] 	 -1 	 16061 
[3,2],	17 
[2,0] 	 0 	 16088 
[4,3],	20 
[3,0] 	 -1 	 16104 
[2,4],	27 
[4,0] 	 6 	 16118 
[2,3],	20 
[3,0] 	 -1 	 16136 
[4,3],	20 
[3,0] 	 -1 	 16162 
[4,2],	29 
[2,0] 	 0 	 16172 
[3,2],	17 
[2,0] 	 0 	 16216 
[2,4],	27 
[4,0] 	 6 	 16256 
[2,3],	20 
[3,0] 	 0 	 16262 
[4,2],	29 
[2,0] 	 0 	 16297 
[3,2],	17 
[2,0] 	 0 	 16333 
[2,3],	20 
[3,0] 	 0 	 16364 
[0,4],	7 
[4,0] 	 6 	 18301 
[4,3],	21 
[3,0] 	 -1 	 18355 
[4,2],	29 
[2,0] 	 -1 	 18361 
[2,3],	20 
[3,0] 	 -1 	 18391 
[4,2],	27 
[2,0] 	 0 	 18398 
[3,4],	18 
[4,0] 	 6 	 18428 
[4,3],	21 
[3,0] 	 -1 	 18471 
[4,2],	28 
[2,0] 	 0 	 18478 
[2,3],	20 
[3,0] 	 -1 	 18507 
[3,4],	18 
[4,0] 	 6 	 18539 
[3,2],	16 
[2,0] 	 0 	 18569 
[4,3],	18 
[3,0] 	 -1 	 18575 
[3,2],	17 
[2,0] 	 0 	 18615 
[4,3],	18 
[3,0] 	 -1 	 18635 
[0,2],	3 
[2,0] 	 -1 	 27294 
[2,3],	20 
[3,0] 	 0 	 27323 
[2,4],	27 
[4,0] 	 6 	 27334 
[2,3],	20 
[3,0] 	 0 	 27362 
[4,3],	21 
[3,0] 	 0 	 27384 
[4,3],	17 
[3,0] 	 0 	 27436 
[0,3],	0 
[3,0] 	 0 	 30304 
[3,4],	19 
[4,0] 	 5 	 30349 
[3,2],	17 
[2,0] 	 -1 	 30356 
[4,3],	17 
[3,0] 	 0 	 30383 
[2,4],	27 
[4,0] 	 6 	 30402 
[3,4],	19 
[4,0] 	 5 	 30448 
[3,2],	16 
[2,0] 	 -1 	 30479 
[2,3],	20 
[3,0] 	 0 	 30529 
[3,4],	18 
[4,0] 	 5 	 30566 
[3,2],	18 
[2,0] 	 -1 	 30572 
[4,2],	28 
[2,0] 	 -1 	 30602 
[4,2],	28 
[2,0] 	 -1 	 30645 
[2,4],	27 
[4,0] 	 5 	 30687 
[3,2],	18 
[2,0] 	 -1 	 30723 
[3,2],	18 
[2,0] 	 -1 	 30759 
[4,2],	28 
[2,0] 	 -1 	 30778 
[4,3],	20 
[3,0] 	 0 	 30795 
[2,4],	27 
[4,0] 	 5 	 30819 
[2,3],	20 
[3,0] 	 0 	 30826 
[4,2],	28 
[2,0] 	 -1 	 30854 
[3,2],	17 
[2,0] 	 -1 	 30901 
[4,3],	21 
[3,0] 	 0 	 30913 
[2,4],	25 
[4,0] 	 6 	 30944 
[2,3],	20 
[3,0] 	 0 	 30950 
[3,2],	18 
[2,0] 	 -1 	 30981 
[3,2],	17 
[2,0] 	 -1 	 31023 
[4,3],	18 
[3,0] 	 0 	 31042 
[2,4],	27 
[4,0] 	 5 	 31048 
[2,3],	20 
[3,0] 	 0 	 31075 
[3,2],	17 
[2,0] 	 -1 	 31115 
[4,2],	27 
[2,0] 	 -1 	 31139 
[0,4],	8 
[4,0] 	 5 	 -32242 
[4,2],	28 
[2,0] 	 -1 	 -32202 
[4,3],	21 
[3,0] 	 0 	 -32195 
[2,4],	27 
[4,0] 	 6 	 -32156 
[2,3],	20 
[3,0] 	 0 	 -32149 
[3,2],	17 
[2,0] 	 -1 	 -32103 
[3,4],	19 
[4,0] 	 5 	 -32095 
[3,2],	18 
[2,0] 	 -1 	 -32067 
[4,3],	18 
[3,0] 	 0 	 -32053 
[2,3],	20 
[3,0] 	 0 	 -32005 
[2,4],	27 
File Started on: 2/12/2015 9:12:59 AM
[0,2],	-6 
[2,0] 	 -9 	 -13781 
[2,3],	20 
[3,0] 	 -4 	 -13756 
[2,4],	27 
[4,0] 	 2 	 -13742 
[4,2],	29 
[2,0] 	 -9 	 -13701 
[3,4],	18 
[4,0] 	 2 	 -13695 
[4,2],	28 
[2,0] 	 -9 	 -13671 
[2,3],	20 
[3,0] 	 -2 	 -13647 
[3,4],	18 
[4,0] 	 2 	 -13617 
[3,2],	17 
[2,0] 	 -8 	 -13599 
[3,4],	18 
[4,0] 	 0 	 -13593 
[3,2],	18 
[2,0] 	 -9 	 -13567 
[4,2],	28 
[2,0] 	 -9 	 -13546 
[4,3],	21 
[3,0] 	 -4 	 -13539 
[4,2],	29 
[2,0] 	 -8 	 -13506 
[4,3],	18 
[3,0] 	 -2 	 -13500 
[2,3],	20 
[3,0] 	 -4 	 -13477 
[3,2],	17 
[2,0] 	 -8 	 -13451 
[3,4],	18 
[4,0] 	 2 	 -13444 
[4,3],	18 
[3,0] 	 -4 	 -13407 
[4,2],	29 
[2,0] 	 -8 	 -13364 
[4,3],	18 
[3,0] 	 -2 	 -13344 
[3,2],	19 
[2,0] 	 -8 	 -13306 
[3,4],	19 
[4,0] 	 2 	 -13300 
[2,3],	20 
[3,0] 	 -2 	 -13255 
[4,2],	28 
[2,0] 	 -8 	 -13249 
[4,2],	29 
[2,0] 	 -8 	 -13223 
[3,2],	17 
[2,0] 	 -8 	 -13191 
[3,4],	19 
[4,0] 	 2 	 -13185 
[4,2],	27 
[2,0] 	 -8 	 -13112 
[4,3],	21 
[3,0] 	 -4 	 -13101 
[0,3],	0 
[3,0] 	 0 	 -10775 
[3,2],	17 
[2,0] 	 0 	 -10733 
[3,4],	19 
[4,0] 	 6 	 -10725 
[2,4],	26 
[4,0] 	 6 	 -10682 
[0,4],	7 
[4,0] 	 6 	 -7771 
[4,3],	18 
[3,0] 	 -1 	 -7732 
[0,2],	3 
[2,0] 	 0 	 1225 
[2,3],	20 
[3,0] 	 0 	 1260 
[2,4],	27 
[4,0] 	 6 	 1280 
[2,3],	20 
[3,0] 	 -1 	 1308 
[4,3],	17 
[3,0] 	 0 	 1338 
[4,2],	29 
[2,0] 	 0 	 1384 
[4,3],	18 
[3,0] 	 0 	 1406 
[0,3],	0 
[3,0] 	 0 	 4227 
[3,4],	19 
[4,0] 	 6 	 4259 
[3,2],	18 
[2,0] 	 0 	 4265 
[3,2],	16 
[2,0] 	 0 	 4375 
[3,4],	18 
[4,0] 	 6 	 4381 
[4,2],	27 
[2,0] 	 0 	 4429 
[4,2],	27 
[2,0] 	 0 	 4451 
[4,3],	21 
[3,0] 	 0 	 4465 
[2,3],	20 
[3,0] 	 0 	 4493 
[2,4],	28 
[4,0] 	 6 	 4500 
[3,2],	17 
[2,0] 	 0 	 4541 
[3,4],	19 
[4,0] 	 5 	 4547 
[3,2],	17 
[2,0] 	 0 	 4582 
[4,2],	27 
[2,0] 	 0 	 4601 
[2,4],	27 
[4,0] 	 5 	 4631 
[2,3],	20 
[3,0] 	 0 	 4638 
[3,4],	19 
[4,0] 	 6 	 4673 
[3,2],	17 
[2,0] 	 0 	 4700 
[4,2],	27 
[2,0] 	 0 	 4730 
[4,2],	27 
[2,0] 	 0 	 4755 
[4,3],	21 
[3,0] 	 0 	 4763 
[2,4],	27 
[4,0] 	 6 	 4800 
[2,3],	20 
[3,0] 	 0 	 4806 
[4,2],	29 
[2,0] 	 0 	 4856 
[2,3],	20 
[3,0] 	 0 	 4885 
[4,2],	28 
[2,0] 	 0 	 4891 
[2,4],	27 
[4,0] 	 6 	 4935 
[2,3],	20 
[3,0] 	 0 	 4942 
[4,3],	17 
[3,0] 	 0 	 4971 
[4,2],	28 
[2,0] 	 0 	 4976 
[4,3],	18 
[3,0] 	 0 	 5023 
[3,2],	18 
[2,0] 	 0 	 5062 
[2,3],	20 
[3,0] 	 0 	 5108 
[2,4],	27 
[4,0] 	 6 	 5114 
[3,4],	19 
[4,0] 	 6 	 5134 
[3,2],	17 
[2,0] 	 0 	 5162 
[3,2],	17 
[2,0] 	 0 	 5190 
[4,3],	18 
[3,0] 	 0 	 5213 
[2,4],	25 
[4,0] 	 6 	 5238 
[2,3],	20 
[3,0] 	 0 	 5244 
[4,2],	27 
[2,0] 	 0 	 5277 
[3,4],	18 
[4,0] 	 6 	 5288 
[3,2],	17 
[2,0] 	 0 	 5314 
[2,3],	20 
[3,0] 	 0 	 5361 
[2,4],	27 
[4,0] 	 4 	 5366 
[3,4],	19 
[4,0] 	 6 	 5392 
[3,2],	18 
[2,0] 	 0 	 5413 
[4,2],	29 
[2,0] 	 0 	 5449 
[4,2],	28 
[2,0] 	 0 	 5494 
[4,3],	21 
[3,0] 	 0 	 5499 
[2,3],	20 
[3,0] 	 0 	 5535 
[2,4],	25 
[4,0] 	 6 	 5540 
[4,2],	29 
[2,0] 	 0 	 5574 
[4,2],	29 
[2,0] 	 0 	 5615 
[3,2],	17 
[2,0] 	 0 	 5634 
[2,4],	27 
[4,0] 	 6 	 5672 
[2,3],	20 
[3,0] 	 -2 	 5678 
[3,4],	19 
[4,0] 	 6 	 5700 
[3,4],	18 
[4,0] 	 6 	 5718 
[3,2],	16 
[2,0] 	 -2 	 5730 
[4,2],	27 
[2,0] 	 0 	 5752 
[3,2],	18 
[2,0] 	 0 	 5777 
[2,3],	20 
[3,0] 	 0 	 5817 
[2,4],	27 
[4,0] 	 6 	 5824 
[3,4],	18 
[4,0] 	 6 	 5839 
[4,2],	27 
[2,0] 	 0 	 5874 
[3,2],	18 
[2,0] 	 0 	 5910 
[4,3],	18 
[3,0] 	 0 	 5937 
[2,4],	27 
[4,0] 	 6 	 5951 
[4,2],	29 
[2,0] 	 -1 	 5995 
[4,3],	21 
[3,0] 	 0 	 6001 
[3,4],	19 
[4,0] 	 6 	 6033 
[4,2],	29 
[2,0] 	 -1 	 6039 
[2,3],	20 
[3,0] 	 0 	 6070 
[2,4],	27 
[4,0] 	 5 	 6076 
[4,3],	18 
[3,0] 	 0 	 6116 
[4,2],	27 
[2,0] 	 0 	 6122 
[4,2],	29 
[2,0] 	 0 	 6153 
[3,4],	19 
[4,0] 	 5 	 6179 
[2,3],	20 
[3,0] 	 0 	 6194 
[4,3],	21 
[3,0] 	 0 	 6225 
[4,2],	27 
[2,0] 	 0 	 6231 
[4,2],	27 
[2,0] 	 -2 	 6260 
[4,3],	18 
[3,0] 	 0 	 6272 
[2,4],	27 
[4,0] 	 6 	 6295 
[2,3],	20 
[3,0] 	 0 	 6302 
[4,2],	27 
[2,0] 	 -1 	 6334 
[3,4],	18 
[4,0] 	 6 	 6345 
[4,2],	27 
[2,0] 	 0 	 6383 
[2,3],	20 
[3,0] 	 0 	 6425 
[2,4],	27 
[4,0] 	 6 	 6431 
[3,4],	19 
[4,0] 	 6 	 6460 
[3,2],	17 
[2,0] 	 -2 	 6499 
[3,2],	18 
[2,0] 	 0 	 6544 
[4,3],	18 
[3,0] 	 0 	 6570 
[2,4],	27 
[4,0] 	 6 	 6578 
[2,4],	27 
[4,0] 	 6 	 6603 
[2,3],	20 
[3,0] 	 0 	 6609 
[3,2],	18 
[2,0] 	 0 	 6639 
[3,2],	17 
[2,0] 	 0 	 6684 
[2,4],	25 
[4,0] 	 6 	 6710 
[2,4],	27 
[4,0] 	 6 	 6739 
[4,2],	29 
[2,0] 	 0 	 6783 
[3,2],	18 
[2,0] 	 0 	 6826 
[3,2],	18 
[2,0] 	 0 	 6868 
[0,4],	7 
[4,0] 	 6 	 7221 
[4,3],	18 
[3,0] 	 0 	 7275 
[4,2],	28 
[2,0] 	 0 	 7282 
[2,3],	20 
[3,0] 	 0 	 7301 
[4,2],	27 
[2,0] 	 0 	 7310 
[4,3],	21 
[3,0] 	 0 	 7321 
[3,4],	19 
[4,0] 	 6 	 7349 
[2,3],	20 
[3,0] 	 0 	 7355 
[4,2],	27 
[2,0] 	 0 	 7402 
[4,3],	18 
[3,0] 	 0 	 7408 
[2,3],	20 
File Started on: 2/12/2015 9:16:14 AM
[0,4],	4 
[4,0] 	 3 	 -9388 
[4,3],	21 
[3,0] 	 -2 	 -9348 
[4,2],	29 
[2,0] 	 -4 	 -9342 
[3,2],	17 
[2,0] 	 -1 	 -9299 
[2,4],	27 
[4,0] 	 5 	 -9256 
[3,2],	16 
[2,0] 	 0 	 -9250 
[4,3],	21 
[3,0] 	 -2 	 -9215 
[4,2],	29 
[2,0] 	 1 	 -9209 
[2,3],	20 
[3,0] 	 0 	 -9174 
[4,3],	18 
[3,0] 	 -2 	 -9090 
[4,2],	28 
[2,0] 	 2 	 -9057 
[4,3],	18 
[3,0] 	 -1 	 -9043 
[3,4],	19 
[4,0] 	 3 	 -9001 
[3,2],	16 
[2,0] 	 1 	 -8994 
[2,4],	27 
[4,0] 	 4 	 -8951 
[3,4],	19 
[4,0] 	 3 	 -8924 
[3,2],	17 
[2,0] 	 2 	 -8895 
[3,4],	18 
[4,0] 	 4 	 -8888 
[3,2],	17 
[2,0] 	 2 	 -8846 
[2,4],	27 
[4,0] 	 4 	 -8820 
[2,3],	20 
[3,0] 	 -4 	 -8792 
[4,2],	29 
[2,0] 	 3 	 -8778 
[4,2],	28 
[2,0] 	 3 	 -8742 
[3,4],	19 
[4,0] 	 5 	 -8721 
[3,2],	18 
[2,0] 	 3 	 -8715 
[2,3],	20 
[3,0] 	 -2 	 -8665 
[3,4],	18 
[4,0] 	 6 	 -8628 
[3,2],	18 
[2,0] 	 2 	 -8606 
[3,4],	19 
[4,0] 	 4 	 -8600 
[4,3],	21 
[3,0] 	 -4 	 -8575 
[3,2],	18 
[2,0] 	 1 	 -8569 
[2,4],	25 
[4,0] 	 6 	 -8540 
[2,3],	20 
[3,0] 	 -5 	 -8518 
[3,4],	18 
[4,0] 	 6 	 -8461 
[3,2],	18 
[2,0] 	 2 	 -8456 
[4,2],	27 
[2,0] 	 2 	 -8414 
[4,2],	29 
[2,0] 	 2 	 -8373 
[4,3],	21 
[3,0] 	 -2 	 -8357 
[2,3],	20 
[3,0] 	 -4 	 -8326 
[2,4],	27 
[4,0] 	 6 	 -8320 
[4,2],	28 
[2,0] 	 2 	 -8280 
[3,4],	19 
[4,0] 	 6 	 -8274 
[3,2],	17 
[2,0] 	 2 	 -8251 
[4,2],	27 
[2,0] 	 1 	 -8228 
[2,4],	27 
[4,0] 	 6 	 -8202 
[3,4],	19 
[4,0] 	 6 	 -8174 
[3,2],	17 
[2,0] 	 1 	 -8139 
[4,2],	27 
[2,0] 	 0 	 -8119 
[4,2],	29 
[2,0] 	 2 	 -8071 
[4,3],	21 
[3,0] 	 -2 	 -8059 
[2,4],	27 
[4,0] 	 6 	 -8032 
[2,3],	20 
[3,0] 	 -2 	 -8025 
[4,2],	29 
[2,0] 	 1 	 -7991 
[3,4],	18 
[4,0] 	 6 	 -7978 
[2,3],	20 
[3,0] 	 -4 	 -7959 
[4,2],	27 
[2,0] 	 1 	 -7935 
[2,4],	25 
[4,0] 	 6 	 -7891 
[2,3],	20 
[3,0] 	 -4 	 -7885 
[0,2],	4 
[2,0] 	 0 	 -385 
[2,3],	20 
[3,0] 	 -2 	 -350 
[2,4],	27 
[4,0] 	 6 	 -342 
[3,4],	16 
[4,0] 	 5 	 -324 
[4,2],	29 
[2,0] 	 0 	 -258 
[4,3],	18 
[3,0] 	 -2 	 -245 
[0,3],	-1 
[3,0] 	 -1 	 2608 
[3,4],	18 
[4,0] 	 6 	 2638 
[3,2],	18 
[2,0] 	 0 	 2644 
[4,2],	27 
[2,0] 	 0 	 2689 
[4,2],	27 
[2,0] 	 0 	 2726 
[4,3],	18 
[3,0] 	 -1 	 2742 
[2,3],	20 
[3,0] 	 -1 	 2766 
[3,4],	19 
[4,0] 	 6 	 2805 
[3,2],	18 
[2,0] 	 0 	 2811 
[4,3],	18 
[3,0] 	 -1 	 2865 
[2,4],	27 
[4,0] 	 6 	 2871 
[0,4],	8 
[4,0] 	 6 	 5618 
[4,3],	21 
[3,0] 	 -2 	 5647 
[3,2],	18 
[2,0] 	 2 	 5679 
[3,4],	19 
[4,0] 	 6 	 5687 
[3,2],	17 
[2,0] 	 0 	 5721 
[4,3],	18 
[3,0] 	 -1 	 5737 
[2,4],	25 
[4,0] 	 6 	 5744 
[2,3],	20 
[3,0] 	 -1 	 5778 
[2,4],	27 
[4,0] 	 6 	 5784 
[4,3],	18 
[3,0] 	 -2 	 5813 
[3,2],	18 
[2,0] 	 0 	 5884 
[0,2],	4 
[2,0] 	 0 	 14612 
[2,4],	27 
[4,0] 	 5 	 14645 
[3,2],	17 
[2,0] 	 0 	 14714 
[4,3],	21 
[3,0] 	 -2 	 14736 
[0,3],	-2 
[3,0] 	 -2 	 17607 
[3,4],	18 
[4,0] 	 6 	 17632 
[3,2],	18 
[2,0] 	 0 	 17652 
[3,4],	18 
[4,0] 	 6 	 17658 
[2,4],	27 
[4,0] 	 6 	 17681 
[2,3],	20 
[3,0] 	 -2 	 17706 
[3,4],	19 
[4,0] 	 6 	 17734 
[3,4],	19 
[4,0] 	 6 	 17758 
[3,2],	16 
[2,0] 	 0 	 17797 
[2,4],	27 
[4,0] 	 6 	 17824 
[2,3],	20 
[3,0] 	 -2 	 17853 
[3,4],	18 
[4,0] 	 5 	 17883 
[3,2],	18 
[2,0] 	 0 	 17964 
[2,4],	27 
[4,0] 	 6 	 17995 
[2,3],	20 
[3,0] 	 -2 	 18011 
[2,4],	27 
[4,0] 	 6 	 18020 
[4,2],	28 
[2,0] 	 0 	 18058 
[3,4],	18 
[4,0] 	 5 	 18067 
[4,2],	29 
[2,0] 	 0 	 18107 
[2,3],	20 
[3,0] 	 -2 	 18152 
[2,4],	27 
[4,0] 	 6 	 18159 
[3,4],	19 
[4,0] 	 6 	 18189 
[3,2],	18 
[2,0] 	 0 	 18219 
[4,2],	27 
[2,0] 	 0 	 18275 
[4,3],	18 
[3,0] 	 -2 	 18283 
[0,4],	8 
[4,0] 	 6 	 20612 
[4,3],	18 
[3,0] 	 -2 	 20655 
[4,2],	27 
[2,0] 	 0 	 20661 
[2,4],	25 
[4,0] 	 5 	 20705 
[3,2],	18 
[2,0] 	 1 	 20712 
[3,2],	18 
[2,0] 	 0 	 20754 
[0,2],	4 
[2,0] 	 1 	 29613 
[2,4],	27 
[4,0] 	 5 	 29647 
[3,2],	17 
[2,0] 	 1 	 29716 
[3,4],	18 
[4,0] 	 5 	 29722 
[3,2],	17 
[2,0] 	 1 	 29755 
[2,4],	27 
[4,0] 	 6 	 29796 
[2,4],	27 
[4,0] 	 6 	 29821 
[2,3],	20 
[3,0] 	 -4 	 29827 
[3,4],	18 
[4,0] 	 6 	 29852 
[3,4],	19 
[4,0] 	 5 	 29872 
[3,2],	18 
[2,0] 	 0 	 29879 
[3,2],	18 
[2,0] 	 1 	 29902 
[2,4],	27 
[4,0] 	 6 	 29930 
[2,4],	27 
[4,0] 	 6 	 29950 
[2,3],	20 
[3,0] 	 -2 	 29957 
[4,2],	28 
[2,0] 	 0 	 29997 
[4,3],	18 
[3,0] 	 -2 	 30003 
[3,2],	18 
[2,0] 	 0 	 30062 
[2,4],	27 
[4,0] 	 6 	 30097 
[2,3],	20 
[3,0] 	 -2 	 30103 
[4,2],	29 
[2,0] 	 0 	 30137 
[2,4],	27 
[4,0] 	 6 	 30186 
[3,2],	18 
[2,0] 	 1 	 30198 
[4,2],	29 
[2,0] 	 1 	 30234 
[4,3],	20 
[3,0] 	 -2 	 30242 
[4,2],	28 
[2,0] 	 1 	 30291 
[4,3],	18 
[3,0] 	 -2 	 30297 
[2,4],	25 
[4,0] 	 5 	 30331 
[3,2],	17 
[2,0] 	 1 	 30345 
[4,2],	28 
[2,0] 	 0 	 30383 
[2,3],	20 
[3,0] 	 -2 	 30407 
[4,2],	28 
[2,0] 	 0 	 30415 
[3,4],	19 
[4,0] 	 6 	 30434 
[3,4],	18 
[4,0] 	 5 	 30453 
[4,3],	20 
[3,0] 	 -2 	 30486 
[4,2],	28 
[2,0] 	 0 	 30492 
[2,3],	20 
[3,0] 	 -2 	 30511 
[4,2],	27 
[2,0] 	 1 	 30529 
[4,3],	22 
[3,0] 	 -2 	 30551 
[2,4],	27 
[4,0] 	 6 	 30574 
[4,2],	27 
[2,0] 	 1 	 30616 
[4,3],	18 
[3,0] 	 -2 	 30622 
[2,3],	20 
[3,0] 	 -2 	 30655 
[4,2],	28 
[2,0] 	 1 	 30661 
[3,4],	19 
[4,0] 	 6 	 30689 
[3,4],	18 
[4,0] 	 5 	 30726 
[3,2],	17 
[2,0] 	 1 	 30732 
[3,2],	17 
[2,0] 	 1 	 30775 
[2,4],	27 
[4,0] 	 6 	 30810 
[2,4],	25 
[4,0] 	 6 	 30828 
[4,2],	29 
[2,0] 	 0 	 30871 
[2,3],	20 
[3,0] 	 -2 	 30903 
[0,3],	-1 
[3,0] 	 -2 	 32615 
[3,4],	18 
[4,0] 	 5 	 32649 
[3,2],	17 
[2,0] 	 1 	 32681 
[4,3],	21 
[3,0] 	 -2 	 32740 
[0,4],	8 
[4,0] 	 6 	 -29914 
[4,2],	29 
[2,0] 	 1 	 -29869 
[2,3],	20 
[3,0] 	 -2 	 -29840 
[3,2],	17 
[2,0] 	 1 	 -29817 
[2,4],	27 
[4,0] 	 6 	 -29778 
[2,3],	20 
[3,0] 	 -2 	 -29772 
[3,4],	18 
[4,0] 	 5 	 -29747 
[3,4],	19 
[4,0] 	 5 	 -29714 
[3,2],	17 
[2,0] 	 1 	 -29707 
[4,2],	29 
[2,0] 	 0 	 -29680 
[3,2],	18 
[2,0] 	 1 	 -29664 
[2,4],	27 
[4,0] 	 6 	 -29633 
[3,4],	19 
[4,0] 	 5 	 -29607 
[3,2],	17 
[2,0] 	 1 	 -29574 
[4,3],	20 
[3,0] 	 -4 	 -29557 
[4,2],	29 
[2,0] 	 1 	 -29539 
[4,3],	18 
[3,0] 	 -2 	 -29520 
[0,2],	4 
[2,0] 	 1 	 -20915 
[2,4],	27 
[4,0] 	 6 	 -20873 
[2,3],	20 
[3,0] 	 -2 	 -20866 
[4,2],	29 
[2,0] 	 1 	 -20827 
[3,4],	19 
[4,0] 	 6 	 -20821 
[4,2],	29 
[2,0] 	 0 	 -20772 
[2,3],	20 
[3,0] 	 -2 	 -20729 
[2,4],	27 
[4,0] 	 6 	 -20721 
[3,4],	19 
[4,0] 	 6 	 -20698 
[4,2],	27 
[2,0] 	 1 	 -20662 
[4,3],	21 
[3,0] 	 -2 	 -20655 
[4,2],	27 
[2,0] 	 1 	 -20623 
[4,3],	20 
[3,0] 	 -2 	 -20610 
[2,3],	20 
[3,0] 	 -1 	 -20587 
[2,4],	27 
[4,0] 	 6 	 -20581 
[3,2],	18 
[2,0] 	 1 	 -20547 
[4,2],	28 
[2,0] 	 0 	 -20525 
[4,2],	29 
File Started on: 2/12/2015 9:21:28 AM
[0,2],	4 
[2,0] 	 0 	 -13062 
[2,3],	22 
[3,0] 	 -10 	 -13031 
[2,4],	32 
[4,0] 	 0 	 -13020 
[2,3],	22 
[3,0] 	 -8 	 -13000 
[3,4],	23 
[4,0] 	 -3 	 -12966 
[3,2],	25 
[2,0] 	 0 	 -12933 
[3,2],	25 
[2,0] 	 -1 	 -12898 
[4,3],	23 
[3,0] 	 -5 	 -12881 
[2,4],	32 
[4,0] 	 -4 	 -12867 
[2,3],	22 
[3,0] 	 -6 	 -12845 
[3,2],	25 
[2,0] 	 0 	 -12802 
[4,2],	34 
[2,0] 	 0 	 -12778 
[3,2],	25 
[2,0] 	 0 	 -12753 
[2,3],	22 
[3,0] 	 -6 	 -12717 
[2,4],	32 
[4,0] 	 -6 	 -12710 
[3,2],	25 
[2,0] 	 -2 	 -12672 
[3,2],	24 
[2,0] 	 -2 	 -12634 
[4,2],	34 
[2,0] 	 -4 	 -12614 
[4,3],	23 
[3,0] 	 -4 	 -12608 
[2,4],	32 
[4,0] 	 -12 	 -12566 
[2,3],	22 
[3,0] 	 -3 	 -12559 
[3,2],	24 
[2,0] 	 -4 	 -12530 
[3,4],	24 
[4,0] 	 -13 	 -12523 
[3,2],	25 
[2,0] 	 -6 	 -12499 
[2,3],	22 
[3,0] 	 -3 	 -12442 
[3,4],	24 
[4,0] 	 -9 	 -12418 
[3,4],	24 
[4,0] 	 -8 	 -12391 
[3,2],	25 
[2,0] 	 -1 	 -12357 
[4,3],	23 
[3,0] 	 -6 	 -12351 
[4,2],	34 
[2,0] 	 -1 	 -12319 
[4,3],	23 
[3,0] 	 -4 	 -12313 
[2,4],	32 
[4,0] 	 -8 	 -12288 
[3,2],	25 
[2,0] 	 -1 	 -12251 
[4,3],	23 
[3,0] 	 -6 	 -12241 
[4,2],	34 
[2,0] 	 -1 	 -12197 
[4,3],	23 
[3,0] 	 -3 	 -12188 
[3,4],	25 
[4,0] 	 -6 	 -12138 
[3,2],	25 
[2,0] 	 -4 	 -12132 
[4,3],	23 
[3,0] 	 -7 	 -12090 
[2,4],	32 
[4,0] 	 -10 	 -12084 
[0,3],	-2 
[3,0] 	 -4 	 -10063 
[3,2],	25 
[2,0] 	 2 	 -10016 
[3,4],	23 
[4,0] 	 0 	 -10010 
[3,2],	25 
[2,0] 	 2 	 -9968 
[2,4],	32 
[4,0] 	 0 	 -9946 
[2,4],	32 
[4,0] 	 -1 	 -9911 
[4,2],	34 
[2,0] 	 2 	 -9873 
[4,2],	34 
[2,0] 	 2 	 -9822 
[4,3],	23 
[3,0] 	 -2 	 -9817 
[2,3],	22 
[3,0] 	 -4 	 -9783 
[2,4],	32 
[4,0] 	 0 	 -9777 
[4,2],	34 
[2,0] 	 2 	 -9732 
[4,2],	34 
[2,0] 	 1 	 -9702 
[4,3],	23 
[3,0] 	 -2 	 -9677 
[2,3],	22 
[3,0] 	 -4 	 -9657 
[2,4],	32 
[4,0] 	 0 	 -9649 
[3,4],	25 
[4,0] 	 0 	 -9624 
[3,2],	25 
[2,0] 	 2 	 -9603 
[3,2],	25 
[2,0] 	 2 	 -9575 
[4,2],	34 
[2,0] 	 2 	 -9555 
[4,3],	23 
[3,0] 	 -4 	 -9533 
[2,3],	22 
[3,0] 	 -2 	 -9512 
[2,4],	32 
[4,0] 	 0 	 -9506 
[3,2],	26 
[2,0] 	 2 	 -9473 
[3,2],	25 
[2,0] 	 2 	 -9420 
[4,3],	23 
[3,0] 	 -2 	 -9387 
[2,4],	32 
[4,0] 	 0 	 -9382 
[4,2],	34 
[2,0] 	 1 	 -9343 
[4,3],	23 
[3,0] 	 -1 	 -9337 
[4,2],	34 
[2,0] 	 2 	 -9292 
[2,3],	22 
[3,0] 	 -1 	 -9247 
[2,4],	32 
[4,0] 	 -1 	 -9241 
[2,3],	22 
[3,0] 	 -1 	 -9166 
[4,2],	34 
[2,0] 	 0 	 -9160 
[3,4],	25 
[4,0] 	 -4 	 -9122 
[4,3],	23 
[3,0] 	 -1 	 -9077 
[3,2],	25 
[2,0] 	 -1 	 -9071 
[4,2],	34 
[2,0] 	 0 	 -9046 
[4,3],	24 
[3,0] 	 -1 	 -9039 
[3,2],	25 
[2,0] 	 0 	 -9002 
[3,4],	25 
[4,0] 	 -4 	 -8996 
[3,4],	25 
[4,0] 	 -5 	 -8922 
[3,2],	24 
[2,0] 	 -1 	 -8910 
[3,2],	25 
[2,0] 	 -1 	 -8874 
[2,4],	32 
[4,0] 	 -6 	 -8835 
[2,3],	22 
[3,0] 	 -1 	 -8823 
[3,4],	25 
[4,0] 	 -7 	 -8798 
[3,2],	25 
[2,0] 	 -1 	 -8773 
[4,2],	34 
[2,0] 	 -2 	 -8736 
[3,2],	24 
[2,0] 	 -2 	 -8711 
[4,2],	34 
[2,0] 	 -2 	 -8687 
[4,3],	23 
[3,0] 	 -1 	 -8674 
[2,3],	22 
[3,0] 	 0 	 -8656 
[2,4],	32 
[4,0] 	 -6 	 -8650 
[3,2],	25 
[2,0] 	 -2 	 -8621 
[3,4],	24 
[4,0] 	 -7 	 -8615 
[3,2],	25 
[2,0] 	 -2 	 -8588 
[2,4],	32 
[4,0] 	 -7 	 -8565 
[2,3],	22 
[3,0] 	 -1 	 -8530 
[2,4],	32 
[4,0] 	 -8 	 -8522 
[4,2],	34 
[2,0] 	 -4 	 -8481 
[3,4],	24 
[4,0] 	 -8 	 -8473 
[3,2],	25 
[2,0] 	 -4 	 -8447 
[2,4],	32 
[4,0] 	 -8 	 -8409 
[3,4],	23 
[4,0] 	 -7 	 -8373 
[3,2],	25 
[2,0] 	 -2 	 -8361 
[4,3],	23 
[3,0] 	 -1 	 -8338 
[4,2],	34 
[2,0] 	 -4 	 -8332 
[3,2],	25 
[2,0] 	 -2 	 -8309 
[4,3],	24 
[3,0] 	 -1 	 -8286 
[2,3],	22 
[3,0] 	 0 	 -8267 
[2,4],	32 
[4,0] 	 -8 	 -8260 
[3,2],	25 
[2,0] 	 -4 	 -8194 
[4,2],	34 
[2,0] 	 -2 	 -8170 
[4,3],	23 
[3,0] 	 -1 	 -8159 
[2,3],	22 
[3,0] 	 -1 	 -8125 
[4,2],	34 
[2,0] 	 -2 	 -8090 
[4,2],	35 
[2,0] 	 -4 	 -8043 
[4,3],	24 
[3,0] 	 -1 	 -8017 
[2,3],	22 
[3,0] 	 -1 	 -7987 
[3,2],	25 
[2,0] 	 -1 	 -7947 
[3,2],	25 
[2,0] 	 -1 	 -7916 
[4,3],	23 
[3,0] 	 -1 	 -7887 
[2,4],	32 
[4,0] 	 -3 	 -7870 
[4,3],	24 
[3,0] 	 -1 	 -7837 
[4,2],	34 
[2,0] 	 0 	 -7831 
[3,2],	25 
[2,0] 	 0 	 -7793 
[4,3],	23 
[3,0] 	 -1 	 -7781 
[2,4],	32 
[4,0] 	 -6 	 -7754 
[2,3],	22 
[3,0] 	 -1 	 -7748 
[3,4],	25 
[4,0] 	 -6 	 -7709 
[3,2],	25 
[2,0] 	 0 	 -7692 
[4,2],	34 
[2,0] 	 0 	 -7654 
[0,4],	-3 
[4,0] 	 -6 	 -7070 
[0,2],	2 
[2,0] 	 -1 	 1935 
[2,3],	22 
[3,0] 	 0 	 1968 
[2,4],	32 
[4,0] 	 -6 	 1975 
[3,4],	25 
[4,0] 	 -5 	 1996 
[3,2],	25 
[2,0] 	 -1 	 2027 
[4,3],	23 
[3,0] 	 0 	 2033 
[4,2],	34 
[2,0] 	 -2 	 2076 
[4,3],	24 
[3,0] 	 0 	 2086 
[0,3],	-2 
[3,0] 	 -4 	 4934 
[3,2],	25 
[2,0] 	 -4 	 4973 
[3,4],	25 
[4,0] 	 -6 	 4984 
[4,3],	23 
[3,0] 	 -4 	 5030 
[4,2],	34 
[2,0] 	 -4 	 5037 
[4,2],	35 
[2,0] 	 -4 	 5082 
[4,3],	23 
[3,0] 	 -3 	 5100 
[3,4],	25 
[4,0] 	 -7 	 5139 
[3,2],	25 
[2,0] 	 -4 	 5146 
[2,3],	22 
[3,0] 	 -2 	 5183 
[3,2],	25 
[2,0] 	 -3 	 5189 
[3,4],	25 
[4,0] 	 -8 	 5232 
[3,2],	25 
[2,0] 	 -4 	 5239 
[4,2],	35 
[2,0] 	 -4 	 5277 
[4,2],	35 
[2,0] 	 -2 	 5310 
[4,3],	23 
[3,0] 	 -2 	 5321 
[2,3],	22 
[3,0] 	 -2 	 5353 
[4,3],	23 
[3,0] 	 -2 	 5400 
[3,2],	25 
[2,0] 	 -4 	 5406 
[3,2],	26 
[2,0] 	 -4 	 5439 
[4,3],	23 
[3,0] 	 -3 	 5470 
[2,3],	22 
[3,0] 	 -2 	 5486 
[2,4],	32 
[4,0] 	 -7 	 5492 
[3,4],	25 
[4,0] 	 -7 	 5522 
[4,2],	34 
[2,0] 	 -2 	 5528 
[3,2],	25 
[2,0] 	 -4 	 5559 
[2,3],	22 
[3,0] 	 -2 	 5597 
[2,4],	32 
[4,0] 	 -9 	 5603 
[3,4],	25 
[4,0] 	 -7 	 5624 
[3,2],	25 
[2,0] 	 -4 	 5664 
[3,2],	26 
[2,0] 	 -2 	 5711 
[4,3],	24 
[3,0] 	 -2 	 5737 
[2,4],	32 
[4,0] 	 -6 	 5756 
[2,3],	22 
[3,0] 	 -4 	 5763 
[3,4],	25 
[4,0] 	 -7 	 5800 
[4,2],	34 
[2,0] 	 -2 	 5806 
[3,2],	25 
[2,0] 	 -4 	 5836 
[2,4],	32 
[4,0] 	 -8 	 5885 
[2,3],	22 
[3,0] 	 -2 	 5891 
[3,4],	25 
[4,0] 	 -6 	 5916 
[3,2],	26 
[2,0] 	 -2 	 5931 
[4,2],	34 
[2,0] 	 -2 	 5963 
[4,2],	34 
[2,0] 	 -2 	 6001 
[4,3],	23 
[3,0] 	 -4 	 6015 
[2,3],	22 
[3,0] 	 -4 	 6032 
[2,4],	32 
[4,0] 	 -6 	 6040 
[3,4],	25 
[4,0] 	 -6 	 6076 
[4,2],	34 
[2,0] 	 -2 	 6082 
[3,2],	25 
[2,0] 	 -4 	 6118 
[2,3],	22 
[3,0] 	 -4 	 6157 
[2,4],	32 
[4,0] 	 -6 	 6163 
[3,4],	25 
[4,0] 	 -6 	 6189 
[3,2],	25 
[2,0] 	 -2 	 6206 
[4,2],	34 
[2,0] 	 -3 	 6238 
[4,2],	34 
[2,0] 	 -4 	 6277 
[4,3],	23 
[3,0] 	 -4 	 6286 
[2,3],	22 
[3,0] 	 -2 	 6332 
[2,4],	32 
[4,0] 	 -5 	 6338 
[4,2],	35 
[2,0] 	 -4 	 6373 
[2,3],	22 
[3,0] 	 -4 	 6402 
[4,2],	34 
[2,0] 	 -4 	 6408 
[3,4],	25 
[4,0] 	 -7 	 6433 
[3,4],	25 
[4,0] 	 -6 	 6455 
[4,2],	34 
[2,0] 	 -4 	 6483 
[2,3],	22 
[3,0] 	 -3 	 6515 
[4,2],	34 
[2,0] 	 -4 	 6540 
[2,4],	32 
[4,0] 	 -7 	 6578 
[4,3],	23 
[3,0] 	 -2 	 6616 
[4,2],	34 
[2,0] 	 -5 	 6622 
[2,3],	22 
[3,0] 	 -2 	 6648 
[4,2],	34 
[2,0] 	 -5 	 6660 
[3,4],	24 
[4,0] 	 -8 	 6679 
[4,3],	23 
[3,0] 	 -2 	 6735 
[4,2],	34 
[2,0] 	 -5 	 6767 
[4,3],	23 
[3,0] 	 -4 	 6774 
[2,3],	22 
[3,0] 	 -2 	 6792 
[3,2],	26 
[2,0] 	 -4 	 6836 
[3,4],	25 
[4,0] 	 -8 	 6844 
[4,3],	23 
[3,0] 	 -2 	 6890 
[2,4],	32 
[4,0] 	 -8 	 6898 
[0,4],	-2 
[4,0] 	 -7 	 7933 
[4,3],	24 
[3,0] 	 -4 	 7968 
[3,4],	25 
[4,0] 	 -7 	 8002 
[3,2],	25 
[2,0] 	 -1 	 8009 
[3,2],	25 
[2,0] 	 -1 	 8036 
[3,2],	25 
[2,0] 	 -1 	 8147 
[3,4],	25 
[4,0] 	 -6 	 8153 
[4,2],	34 
[2,0] 	 -1 	 8187 
[4,2],	34 
[2,0] 	 -1 	 8213 
[4,3],	23 
[3,0] 	 -4 	 8228 
[2,3],	22 
[3,0] 	 -4 	 8252 
[2,4],	32 
[4,0] 	 -6 	 8258 
[3,4],	25 
[4,0] 	 -7 	 8293 
[3,2],	25 
[2,0] 	 -2 	 8300 
[3,2],	25 
[2,0] 	 -1 	 8320 
[4,2],	34 
[2,0] 	 -1 	 8361 
[2,4],	32 
[4,0] 	 -7 	 8391 
[2,3],	22 
[3,0] 	 -2 	 8397 
[3,4],	25 
[4,0] 	 -7 	 8422 
[3,4],	25 
[4,0] 	 -4 	 8437 
[3,2],	25 
[2,0] 	 -1 	 8443 
[4,2],	34 
[2,0] 	 -1 	 8465 
[3,2],	25 
[2,0] 	 -1 	 8490 
[4,3],	23 
[3,0] 	 -4 	 8539 
[2,4],	32 
[4,0] 	 -6 	 8545 
[4,2],	34 
[2,0] 	 -1 	 8584 
[3,2],	25 
[2,0] 	 -2 	 8626 
[2,4],	32 
[4,0] 	 -7 	 8667 
[4,2],	34 
[2,0] 	 -4 	 8720 
[4,2],	34 
[2,0] 	 -4 	 8758 
[3,2],	25 
[2,0] 	 -5 	 8782 
[2,3],	22 
[3,0] 	 -4 	 8808 
[3,2],	26 
[2,0] 	 -4 	 8868 
[4,3],	23 
[3,0] 	 -2 	 8876 
[4,2],	34 
[2,0] 	 -2 	 8904 
[4,3],	24 
[3,0] 	 -2 	 8915 
[0,2],	2 
[2,0] 	 -2 	 16930 
[2,4],	32 
[4,0] 	 -7 	 16981 
[2,3],	22 
[3,0] 	 -1 	 16987 
[3,2],	25 
[2,0] 	 -3 	 17026 
[3,2],	26 
[2,0] 	 -4 	 17069 
[4,3],	23 
[3,0] 	 -1 	 17083 
[2,4],	32 
[4,0] 	 -6 	 17109 
[2,3],	22 
[3,0] 	 0 	 17133 
[4,3],	23 
[3,0] 	 -1 	 17151 
[3,2],	25 
[2,0] 	 -5 	 17184 
[3,2],	25 
[2,0] 	 -5 	 17228 
[2,4],	32 
[4,0] 	 -6 	 17263 
[2,3],	22 
[3,0] 	 -1 	 17280 
[4,2],	34 
[2,0] 	 -2 	 17343 
[4,3],	23 
[3,0] 	 0 	 17354 
[3,2],	25 
[2,0] 	 -4 	 17395 
[2,3],	22 
[3,0] 	 -1 	 17422 
[2,4],	32 
[4,0] 	 -8 	 17430 
[4,2],	34 
[2,0] 	 -2 	 17466 
[3,2],	25 
[2,0] 	 -3 	 17492 
[2,4],	32 
[4,0] 	 -6 	 17524 
[2,3],	22 
[3,0] 	 -2 	 17558 
[3,2],	25 
[2,0] 	 -4 	 17616 
[4,3],	24 
[3,0] 	 -1 	 17627 
[3,2],	25 
[2,0] 	 -4 	 17651 
[2,4],	32 
[4,0] 	 -6 	 17678 
[2,3],	22 
[3,0] 	 -1 	 17698 
[3,4],	25 
[4,0] 	 -7 	 17723 
[3,4],	25 
[4,0] 	 -6 	 17748 
[3,2],	25 
[2,0] 	 -4 	 17754 
[3,2],	26 
[2,0] 	 -4 	 17772 
[2,4],	32 
[4,0] 	 -6 	 17801 
[2,3],	22 
[3,0] 	 -1 	 17819 
[2,4],	32 
[4,0] 	 -6 	 17825 
[4,2],	34 
[2,0] 	 -4 	 17864 
[3,2],	26 
[2,0] 	 -4 	 17905 
[4,3],	24 
[3,0] 	 -1 	 17912 
[2,4],	32 
[4,0] 	 -6 	 17945 
[2,3],	22 
[3,0] 	 -1 	 17951 
[4,2],	34 
[2,0] 	 -2 	 17987 
[3,2],	25 
[2,0] 	 -2 	 18039 
[2,3],	22 
[3,0] 	 -1 	 18079 
[2,4],	32 
[4,0] 	 -6 	 18086 
[3,4],	25 
[4,0] 	 -6 	 18105 
[3,4],	23 
[4,0] 	 -6 	 18128 
[4,2],	34 
[2,0] 	 -4 	 18181 
[0,3],	0 
[3,0] 	 -1 	 19938 
[3,4],	25 
[4,0] 	 -8 	 19958 
[3,4],	25 
[4,0] 	 -6 	 19985 
[3,2],	26 
[2,0] 	 -4 	 19992 
[3,2],	25 
[2,0] 	 -2 	 20011 
[4,3],	23 
[3,0] 	 -1 	 20028 
[2,3],	22 
[3,0] 	 -1 	 20047 
[3,2],	25 
[2,0] 	 -4 	 20084 
[3,4],	25 
[4,0] 	 -6 	 20091 
[3,2],	25 
[2,0] 	 -4 	 20111 
[4,3],	23 
[3,0] 	 -1 	 20123 
[2,4],	32 
[4,0] 	 -6 	 20169 
[4,3],	23 
[3,0] 	 -1 	 20176 
[3,4],	23 
[4,0] 	 -6 	 20229 
[3,2],	25 
[2,0] 	 -3 	 20235 
[3,2],	25 
[2,0] 	 -4 	 20253 
[2,4],	32 
[4,0] 	 -6 	 20288 
[2,4],	32 
[4,0] 	 -6 	 20305 
[2,3],	22 
[3,0] 	 -1 	 20311 
[4,2],	34 
[2,0] 	 -5 	 20351 
[4,3],	24 
[3,0] 	 -1 	 20359 
[3,2],	25 
[2,0] 	 -5 	 20386 
[4,2],	34 
[2,0] 	 -4 	 20403 
[4,3],	23 
[3,0] 	 0 	 20414 
[2,4],	32 
[4,0] 	 -6 	 20430 
[4,2],	34 
[2,0] 	 -3 	 20465 
[4,3],	23 
[3,0] 	 -2 	 20471 
[2,3],	22 
[3,0] 	 -1 	 20484 
[4,2],	34 
[2,0] 	 -5 	 20490 
[3,4],	25 
[4,0] 	 -6 	 20523 
[2,4],	32 
[4,0] 	 -6 	 20538 
[2,3],	22 
[3,0] 	 -1 	 20546 
[4,3],	23 
[3,0] 	 0 	 20568 
[4,2],	34 
[2,0] 	 -5 	 20606 
[4,3],	23 
[3,0] 	 0 	 20620 
[2,3],	22 
[3,0] 	 -1 	 20639 
[3,2],	25 
[2,0] 	 -5 	 20670 
[3,4],	25 
[4,0] 	 -7 	 20677 
[2,3],	22 
[3,0] 	 0 	 20719 
[4,2],	34 
[2,0] 	 -5 	 20759 
[3,4],	23 
[4,0] 	 -6 	 20774 
[4,2],	34 
[2,0] 	 -5 	 20825 
[2,3],	22 
[3,0] 	 0 	 20861 
[3,4],	25 
[4,0] 	 -6 	 20895 
[3,2],	25 
[2,0] 	 -5 	 20930 
[3,2],	25 
[2,0] 	 -5 	 20976 
[4,3],	23 
[3,0] 	 -1 	 21006 
[2,4],	32 
[4,0] 	 -6 	 21013 
[2,3],	22 
[3,0] 	 -1 	 21027 
[4,2],	34 
[2,0] 	 -5 	 21062 
[3,2],	25 
[2,0] 	 -5 	 21102 
[2,4],	32 
[4,0] 	 -6 	 21132 
[2,3],	22 
[3,0] 	 -1 	 21141 
[4,2],	34 
[2,0] 	 -5 	 21176 
[2,3],	22 
[3,0] 	 -1 	 21210 
[4,2],	34 
[2,0] 	 -4 	 21225 
[2,4],	32 
[4,0] 	 -7 	 21261 
[2,3],	22 
[3,0] 	 -1 	 21267 
[4,2],	34 
[2,0] 	 -5 	 21303 
[4,3],	23 
[3,0] 	 -1 	 21311 
[2,3],	22 
[3,0] 	 -1 	 21334 
[4,2],	34 
[2,0] 	 -3 	 21356 
[3,4],	25 
[4,0] 	 -6 	 21390 
[3,2],	25 
[2,0] 	 -2 	 21416 
[4,3],	23 
[3,0] 	 -2 	 21425 
[4,2],	34 
[2,0] 	 -4 	 21475 
[4,3],	23 
[3,0] 	 -2 	 21493 
[3,2],	25 
[2,0] 	 -5 	 21534 
[3,4],	25 
[4,0] 	 -5 	 21540 
[2,3],	22 
[3,0] 	 -4 	 21572 
[4,2],	34 
[2,0] 	 -4 	 21581 
[4,2],	34 
[2,0] 	 -4 	 21627 
[4,3],	23 
[3,0] 	 -2 	 21639 
[2,3],	22 
[3,0] 	 -2 	 21655 
[3,4],	25 
[4,0] 	 -5 	 21708 
[3,2],	26 
[2,0] 	 -4 	 21715 
[4,2],	35 
[2,0] 	 -4 	 21744 
[4,3],	23 
[3,0] 	 -5 	 21794 
[0,4],	-2 
[4,0] 	 -7 	 22941 
[4,3],	23 
[3,0] 	 -1 	 22979 
[4,2],	34 
[2,0] 	 -7 	 22989 
[2,3],	22 
[3,0] 	 -2 	 23029 
[0,2],	4 
[2,0] 	 0 	 31927 
[4,3],	23 
[3,0] 	 -2 	 32016 
[2,3],	22 
[3,0] 	 -2 	 32044 
[4,2],	34 
[2,0] 	 0 	 32050 
[3,4],	25 
File Started on: 2/12/2015 9:26:59 AM
[0,4],	0 
[4,0] 	 -1 	 -4746 
[4,2],	34 
[2,0] 	 2 	 -4702 
[4,3],	24 
[3,0] 	 -10 	 -4696 
[4,3],	24 
[3,0] 	 -11 	 -4658 
[2,4],	31 
[4,0] 	 -1 	 -4650 
[4,2],	34 
[2,0] 	 2 	 -4618 
[3,4],	25 
[4,0] 	 -1 	 -4611 
[3,2],	26 
[2,0] 	 2 	 -4574 
[2,3],	22 
[3,0] 	 -10 	 -4540 
[2,4],	31 
[4,0] 	 -1 	 -4534 
[3,4],	24 
[4,0] 	 -1 	 -4504 
[3,2],	24 
[2,0] 	 2 	 -4494 
[4,2],	34 
[2,0] 	 2 	 -4453 
[4,2],	34 
[2,0] 	 2 	 -4415 
[4,3],	24 
[3,0] 	 -10 	 -4404 
[2,4],	31 
[4,0] 	 -1 	 -4378 
[2,3],	22 
[3,0] 	 -10 	 -4372 
[4,2],	34 
[2,0] 	 2 	 -4338 
[4,2],	34 
[2,0] 	 2 	 -4286 
[4,3],	24 
[3,0] 	 -10 	 -4274 
[2,3],	21 
[3,0] 	 -10 	 -4242 
[2,4],	31 
[4,0] 	 -1 	 -4234 
[3,2],	25 
[2,0] 	 1 	 -4206 
[4,3],	24 
[3,0] 	 -10 	 -4198 
[4,2],	34 
[2,0] 	 2 	 -4160 
[0,2],	0 
[2,0] 	 -7 	 4257 
[2,3],	21 
[3,0] 	 -9 	 4301 
[2,4],	31 
[4,0] 	 -17 	 4307 
[4,2],	34 
[2,0] 	 -7 	 4356 
[2,3],	22 
[3,0] 	 -9 	 4380 
[4,2],	34 
[2,0] 	 -6 	 4397 
[4,3],	24 
[3,0] 	 -9 	 4411 
[2,4],	31 
[4,0] 	 -19 	 4445 
[2,3],	22 
[3,0] 	 -14 	 4452 
[4,2],	34 
[2,0] 	 -6 	 4489 
[2,3],	21 
[3,0] 	 -9 	 4521 
[4,2],	34 
[2,0] 	 -7 	 4528 
[2,3],	22 
[3,0] 	 -14 	 4570 
[2,4],	31 
[4,0] 	 -19 	 4577 
[4,3],	24 
[3,0] 	 -15 	 4614 
[4,2],	34 
[2,0] 	 -7 	 4623 
[2,3],	22 
[3,0] 	 -16 	 4649 
[4,2],	34 
[2,0] 	 -7 	 4655 
[2,4],	31 
[4,0] 	 -19 	 4687 
[4,3],	24 
[3,0] 	 -16 	 4735 
[4,2],	33 
[2,0] 	 -6 	 4741 
[2,3],	22 
[3,0] 	 -9 	 4775 
[3,2],	26 
[2,0] 	 -7 	 4820 
[3,4],	26 
[4,0] 	 -17 	 4826 
[2,4],	31 
[4,0] 	 -18 	 4860 
[2,3],	22 
[3,0] 	 -9 	 4867 
[3,4],	25 
[4,0] 	 -18 	 4929 
[3,2],	24 
[2,0] 	 -7 	 4935 
[3,2],	26 
[2,0] 	 -7 	 4972 
[2,4],	31 
[4,0] 	 -17 	 5006 
[2,4],	31 
[4,0] 	 -19 	 5039 
[2,3],	22 
[3,0] 	 -14 	 5046 
[3,4],	24 
[4,0] 	 -18 	 5078 
[3,2],	25 
[2,0] 	 -4 	 5089 
[3,2],	26 
[2,0] 	 -7 	 5132 
[4,2],	34 
[2,0] 	 -7 	 5152 
[2,4],	31 
[4,0] 	 -19 	 5187 
[2,3],	21 
[3,0] 	 -14 	 5194 
[3,4],	26 
[4,0] 	 -19 	 5224 
[3,2],	26 
[2,0] 	 -7 	 5240 
[3,2],	25 
[2,0] 	 -7 	 5273 
[4,3],	24 
[3,0] 	 -14 	 5280 
File Started on: 2/12/2015 9:31:06 AM
[0,3],	-8 
[3,0] 	 -8 	 -14895 
[3,2],	23 
[2,0] 	 3 	 -14842 
[4,3],	24 
[3,0] 	 -12 	 -14794 
[4,2],	34 
[2,0] 	 2 	 -14756 
[4,3],	24 
[3,0] 	 -19 	 -14736 
[3,4],	24 
[4,0] 	 2 	 -14694 
[3,2],	26 
[2,0] 	 -2 	 -14687 
[4,3],	24 
[3,0] 	 -4 	 -14652 
[2,4],	31 
[4,0] 	 5 	 -14645 
[0,4],	5 
[4,0] 	 3 	 -11886 
[4,3],	24 
[3,0] 	 -7 	 -11856 
[3,4],	25 
[4,0] 	 4 	 -11799 
[3,2],	25 
[2,0] 	 2 	 -11792 
[3,2],	25 
[2,0] 	 4 	 -11763 
[4,3],	24 
[3,0] 	 -7 	 -11756 
[4,3],	24 
[3,0] 	 -7 	 -11695 
[2,4],	31 
[4,0] 	 3 	 -11684 
[3,4],	24 
[4,0] 	 4 	 -11651 
[3,2],	24 
[2,0] 	 4 	 -11645 
[3,2],	24 
[2,0] 	 3 	 -11608 
[2,3],	21 
[3,0] 	 -9 	 -11562 
[2,4],	31 
[4,0] 	 3 	 -11556 
[4,2],	34 
[2,0] 	 4 	 -11522 
[2,3],	21 
[3,0] 	 -9 	 -11489 
[4,2],	34 
[2,0] 	 4 	 -11479 
[2,4],	31 
[4,0] 	 4 	 -11443 
[2,3],	21 
[3,0] 	 -7 	 -11437 
[4,2],	34 
[2,0] 	 4 	 -11399 
[4,3],	24 
[3,0] 	 -7 	 -11393 
[2,3],	21 
[3,0] 	 -7 	 -11371 
[4,2],	34 
[2,0] 	 4 	 -11350 
[4,3],	24 
[3,0] 	 -8 	 -11340 
[2,4],	32 
[4,0] 	 4 	 -11315 
[3,2],	24 
[2,0] 	 3 	 -11270 
[4,2],	34 
[2,0] 	 4 	 -11220 
[4,3],	24 
[3,0] 	 -8 	 -11190 
[3,4],	26 
[4,0] 	 4 	 -11157 
[3,2],	25 
[2,0] 	 4 	 -11151 
[3,2],	25 
[2,0] 	 4 	 -11121 
[4,3],	24 
[3,0] 	 -9 	 -11077 
[3,2],	26 
[2,0] 	 4 	 -11050 
[3,4],	26 
[4,0] 	 4 	 -11042 
[3,2],	26 
[2,0] 	 4 	 -11004 
[4,3],	24 
[3,0] 	 -9 	 -10996 
[4,2],	34 
[2,0] 	 4 	 -10967 
[4,3],	24 
[3,0] 	 -8 	 -10940 
[3,4],	26 
[4,0] 	 4 	 -10903 
[3,2],	25 
[2,0] 	 4 	 -10897 
[4,2],	34 
[2,0] 	 4 	 -10868 
[4,2],	34 
[2,0] 	 4 	 -10838 
[4,3],	24 
[3,0] 	 -8 	 -10828 
[3,2],	25 
[2,0] 	 4 	 -10748 
[3,2],	25 
[2,0] 	 4 	 -10700 
[4,3],	24 
[3,0] 	 -8 	 -10683 
[2,4],	31 
[4,0] 	 2 	 -10675 
[2,3],	21 
[3,0] 	 -8 	 -10652 
[3,2],	24 
File Started on: 2/12/2015 9:32:16 AM
[0,2],	5 
[2,0] 	 1 	 -8426 
[2,3],	22 
[3,0] 	 -9 	 -8393 
[2,4],	31 
[4,0] 	 -1 	 -8386 
[2,3],	22 
[3,0] 	 -9 	 -8356 
[2,4],	31 
[4,0] 	 0 	 -8350 
[3,4],	24 
[4,0] 	 -1 	 -8298 
[3,2],	23 
[2,0] 	 2 	 -8289 
[3,2],	25 
[2,0] 	 2 	 -8258 
[2,4],	31 
[4,0] 	 -1 	 -8229 
[2,4],	31 
[4,0] 	 -1 	 -8204 
[4,2],	34 
[2,0] 	 1 	 -8163 
[2,3],	22 
[3,0] 	 -11 	 -8140 
[4,2],	34 
[2,0] 	 2 	 -8120 
[2,4],	31 
[4,0] 	 0 	 -8075 
[4,3],	24 
[3,0] 	 -11 	 -8035 
[4,2],	34 
[2,0] 	 1 	 -8029 
[2,3],	21 
[3,0] 	 -8 	 -8004 
[4,2],	34 
[2,0] 	 2 	 -7991 
[3,2],	25 
[2,0] 	 2 	 -7973 
[4,3],	24 
[3,0] 	 -9 	 -7967 
[2,4],	31 
[4,0] 	 -1 	 -7946 
[4,2],	34 
[2,0] 	 2 	 -7902 
[4,3],	24 
[3,0] 	 -11 	 -7895 
[2,3],	22 
[3,0] 	 -9 	 -7870 
[4,2],	34 
[2,0] 	 2 	 -7848 
[4,3],	24 
[3,0] 	 -8 	 -7833 
[2,4],	31 
[4,0] 	 0 	 -7801 
[4,2],	34 
[2,0] 	 2 	 -7753 
[4,3],	24 
[3,0] 	 -9 	 -7747 
[2,3],	22 
[3,0] 	 -8 	 -7720 
[4,2],	34 
[2,0] 	 1 	 -7711 
[4,3],	24 
[3,0] 	 -10 	 -7703 
[3,4],	24 
[4,0] 	 0 	 -7672 
[3,2],	26 
[2,0] 	 2 	 -7666 
[3,2],	26 
[2,0] 	 1 	 -7626 
[4,2],	34 
[2,0] 	 1 	 -7580 
[4,3],	24 
[3,0] 	 -9 	 -7568 
[0,3],	-8 
[3,0] 	 -10 	 -5423 
[3,2],	23 
[2,0] 	 2 	 -5382 
[3,4],	24 
[4,0] 	 -1 	 -5375 
[3,2],	24 
[2,0] 	 1 	 -5341 
[4,3],	24 
[3,0] 	 -9 	 -5326 
[4,2],	34 
[2,0] 	 2 	 -5280 
[4,3],	24 
[3,0] 	 -8 	 -5259 
[3,4],	26 
[4,0] 	 -1 	 -5206 
[3,2],	25 
[2,0] 	 2 	 -5200 
[2,4],	31 
[4,0] 	 -1 	 -5170 
[2,3],	21 
[3,0] 	 -10 	 -5161 
[3,4],	25 
[4,0] 	 0 	 -5126 
[3,2],	25 
[2,0] 	 2 	 -5109 
[3,2],	25 
[2,0] 	 2 	 -5081 
[2,4],	31 
[4,0] 	 -1 	 -5049 
[2,4],	31 
[4,0] 	 0 	 -5031 
[2,3],	22 
[3,0] 	 -8 	 -5025 
[4,2],	34 
[2,0] 	 2 	 -4991 
[3,2],	25 
[2,0] 	 2 	 -4951 
[4,3],	24 
[3,0] 	 -8 	 -4925 
[2,4],	31 
[4,0] 	 -1 	 -4911 
[4,2],	34 
[2,0] 	 2 	 -4869 
[4,3],	24 
[3,0] 	 -8 	 -4863 
[4,2],	34 
[2,0] 	 1 	 -4832 
[3,4],	24 
[4,0] 	 -2 	 -4826 
File Started on: 2/12/2015 9:33:29 AM
[0,2],	1 
[2,0] 	 -6 	 1037 
[2,4],	32 
[4,0] 	 -7 	 1070 
[2,3],	22 
[3,0] 	 -5 	 1089 
[4,2],	34 
[2,0] 	 -6 	 1107 
[3,4],	25 
[4,0] 	 -8 	 1122 
[3,2],	25 
[2,0] 	 -7 	 1156 
[2,3],	22 
[3,0] 	 -3 	 1193 
[2,4],	31 
[4,0] 	 -7 	 1199 
[3,4],	25 
[4,0] 	 -7 	 1228 
[3,2],	26 
[2,0] 	 -7 	 1245 
[4,2],	34 
[2,0] 	 -6 	 1273 
[4,2],	34 
[2,0] 	 -6 	 1305 
[4,3],	24 
[3,0] 	 -2 	 1322 
[2,4],	31 
[4,0] 	 -7 	 1352 
[2,3],	22 
[3,0] 	 -3 	 1358 
[4,2],	34 
[2,0] 	 -6 	 1389 
[4,3],	23 
[3,0] 	 -3 	 1396 
[4,3],	23 
[3,0] 	 -3 	 1431 
[3,2],	26 
[2,0] 	 -6 	 1457 
[2,4],	31 
[4,0] 	 -6 	 1496 
[2,3],	21 
[3,0] 	 -2 	 1502 
[4,3],	24 
[3,0] 	 -4 	 1543 
[4,2],	34 
[2,0] 	 -7 	 1549 
[4,2],	34 
[2,0] 	 -4 	 1580 
[2,3],	22 
[3,0] 	 -3 	 1611 
[2,4],	32 
[4,0] 	 -6 	 1618 
[3,4],	25 
[4,0] 	 -7 	 1641 
[3,2],	23 
[2,0] 	 -5 	 1653 
[3,2],	26 
[2,0] 	 -7 	 1694 
[4,3],	24 
[3,0] 	 -4 	 1707 
[2,4],	32 
[4,0] 	 -7 	 1727 
[2,3],	21 
[3,0] 	 -2 	 1762 
[4,2],	34 
[2,0] 	 -6 	 1778 
[3,2],	26 
[2,0] 	 -6 	 1803 
[4,2],	33 
[2,0] 	 -6 	 1824 
[4,3],	24 
[3,0] 	 -3 	 1844 
[3,2],	25 
[2,0] 	 -6 	 1850 
[2,3],	22 
[3,0] 	 -4 	 1889 
[2,4],	31 
[4,0] 	 -6 	 1895 
[3,2],	25 
[2,0] 	 -4 	 1926 
[3,4],	25 
[4,0] 	 -7 	 1933 
[3,2],	24 
[2,0] 	 -6 	 1969 
[2,4],	32 
[4,0] 	 -7 	 2002 
[2,3],	22 
[3,0] 	 -2 	 2020 
[3,4],	25 
[4,0] 	 -6 	 2054 
[3,4],	23 
[4,0] 	 -6 	 2079 
[3,2],	25 
[2,0] 	 -8 	 2084 
[4,2],	34 
[2,0] 	 -7 	 2140 
[0,3],	-6 
[3,0] 	 -7 	 4041 
[3,4],	25 
[4,0] 	 -5 	 4070 
[2,4],	32 
[4,0] 	 -4 	 4124 
[2,3],	22 
[3,0] 	 -7 	 4131 
[0,4],	2 
[4,0] 	 1 	 7037 
[4,3],	23 
[3,0] 	 -7 	 7076 
[0,2],	4 
[2,0] 	 1 	 16032 
[2,3],	22 
[3,0] 	 -7 	 16069 
[2,4],	31 
[4,0] 	 0 	 16087 
[4,3],	23 
[3,0] 	 -7 	 16137 
[4,2],	34 
[2,0] 	 2 	 16158 
[4,3],	23 
[3,0] 	 -7 	 16183 
[0,3],	-4 
[3,0] 	 -5 	 19034 
[3,2],	25 
[2,0] 	 2 	 19073 
[3,4],	25 
[4,0] 	 2 	 19081 
[3,2],	24 
[2,0] 	 2 	 19104 
[4,3],	23 
[3,0] 	 -5 	 19131 
[4,2],	34 
[2,0] 	 2 	 19176 
[4,3],	23 
[3,0] 	 -6 	 19191 
[3,4],	25 
[4,0] 	 2 	 19223 
[3,2],	25 
[2,0] 	 2 	 19229 
[4,2],	34 
[2,0] 	 2 	 19269 
[4,2],	34 
[2,0] 	 2 	 19298 
[4,3],	23 
[3,0] 	 -4 	 19317 
[0,4],	5 
[4,0] 	 4 	 22034 
[4,3],	24 
[3,0] 	 -8 	 22070 
[3,2],	25 
[2,0] 	 3 	 22115 
[0,2],	6 
[2,0] 	 3 	 31043 
[2,3],	22 
[3,0] 	 -8 	 31069 
[2,4],	32 
[4,0] 	 4 	 31088 
[2,4],	32 
[4,0] 	 4 	 31121 
File Started on: 2/12/2015 9:39:28 AM
[0,2],	8 
[2,0] 	 4 	 -17178 
[2,4],	32 
[4,0] 	 0 	 -17145 
[2,3],	22 
[3,0] 	 -9 	 -17119 
[3,2],	25 
[2,0] 	 4 	 -17065 
[4,3],	24 
[3,0] 	 -8 	 -17043 
[3,2],	24 
[2,0] 	 4 	 -17010 
[2,4],	32 
[4,0] 	 0 	 -16980 
[2,3],	22 
[3,0] 	 -8 	 -16947 
[4,2],	35 
[2,0] 	 4 	 -16936 
[4,2],	35 
[2,0] 	 4 	 -16898 
[2,3],	22 
[3,0] 	 -8 	 -16870 
[0,3],	-8 
[3,0] 	 -9 	 -14171 
[0,4],	0 
[4,0] 	 0 	 -11177 
[4,3],	23 
[3,0] 	 -11 	 -11140 
[4,2],	35 
[2,0] 	 3 	 -11134 
[2,3],	22 
[3,0] 	 -9 	 -11099 
[2,4],	32 
[4,0] 	 0 	 -11093 
[3,4],	24 
[4,0] 	 -1 	 -11049 
[3,2],	24 
[2,0] 	 3 	 -11043 
[3,2],	25 
[2,0] 	 3 	 -11007 
[4,3],	23 
[3,0] 	 -9 	 -11000 
[4,2],	34 
[2,0] 	 3 	 -10962 
[4,3],	23 
[3,0] 	 -9 	 -10949 
[3,4],	25 
[4,0] 	 0 	 -10899 
[3,2],	25 
[2,0] 	 3 	 -10893 
[3,2],	25 
[2,0] 	 3 	 -10855 
[4,3],	23 
[3,0] 	 -10 	 -10849 
[2,4],	32 
[4,0] 	 2 	 -10823 
[2,3],	22 
[3,0] 	 -8 	 -10811 
[3,2],	24 
[2,0] 	 4 	 -10767 
[3,4],	25 
[4,0] 	 2 	 -10761 
[3,2],	24 
[2,0] 	 3 	 -10706 
[2,4],	32 
[4,0] 	 2 	 -10673 
[2,3],	22 
[3,0] 	 -7 	 -10659 
[3,4],	25 
[4,0] 	 -3 	 -10626 
[3,2],	24 
[2,0] 	 -2 	 -10598 
[4,2],	34 
[2,0] 	 -1 	 -10576 
[4,2],	35 
[2,0] 	 2 	 -10542 
[2,4],	32 
[4,0] 	 -4 	 -10500 
[2,3],	22 
[3,0] 	 -26 	 -10493 
[4,2],	35 
[2,0] 	 4 	 -10453 
[3,4],	25 
[4,0] 	 -2 	 -10438 
[4,2],	35 
[2,0] 	 2 	 -10405 
[2,3],	22 
[3,0] 	 -12 	 -10374 
[2,4],	33 
[4,0] 	 -12 	 -10366 
[3,4],	25 
[4,0] 	 -10 	 -10334 
[3,2],	26 
[2,0] 	 0 	 -10315 
[4,2],	35 
[2,0] 	 0 	 -10296 
[4,3],	23 
[3,0] 	 -6 	 -10285 
[3,2],	25 
[2,0] 	 -4 	 -10250 
[4,3],	23 
[3,0] 	 -2 	 -10223 
[2,4],	31 
[4,0] 	 -13 	 -10212 
[4,3],	23 
[3,0] 	 -3 	 -10169 
[4,2],	35 
[2,0] 	 -1 	 -10163 
[4,2],	34 
[2,0] 	 0 	 -10129 
[2,4],	32 
[4,0] 	 -17 	 -10084 
[4,2],	35 
[2,0] 	 0 	 -10054 
[4,2],	35 
[2,0] 	 1 	 -10022 
[4,3],	23 
[3,0] 	 -9 	 -10003 
[2,4],	32 
[4,0] 	 -8 	 -9978 
[4,2],	34 
[2,0] 	 2 	 -9937 
[4,2],	35 
[2,0] 	 2 	 -9902 
[4,3],	23 
[3,0] 	 -14 	 -9888 
[2,4],	32 
[4,0] 	 0 	 -9855 
[2,3],	22 
[3,0] 	 -9 	 -9849 
[4,2],	35 
[2,0] 	 2 	 -9813 
[3,4],	25 
[4,0] 	 1 	 -9807 
[2,3],	22 
[3,0] 	 -14 	 -9784 
[4,2],	35 
[2,0] 	 2 	 -9771 
[2,4],	32 
[4,0] 	 -1 	 -9722 
[0,2],	8 
[2,0] 	 4 	 -2175 
[2,3],	21 
[3,0] 	 -2 	 -2151 
[2,4],	33 
[4,0] 	 -6 	 -2138 
[3,4],	25 
[4,0] 	 -6 	 -2116 
[2,3],	22 
[3,0] 	 -2 	 -2110 
[3,2],	25 
[2,0] 	 4 	 -2080 
[3,4],	25 
[4,0] 	 -6 	 -2074 
[4,2],	35 
[2,0] 	 4 	 -2046 
[0,3],	0 
[3,0] 	 0 	 820 
[3,4],	25 
[4,0] 	 2 	 859 
[3,2],	25 
[2,0] 	 4 	 884 
[3,4],	25 
[4,0] 	 0 	 892 
[2,3],	21 
[3,0] 	 0 	 926 
[2,4],	33 
[4,0] 	 2 	 931 
[3,4],	25 
[4,0] 	 2 	 984 
[3,2],	24 
[2,0] 	 4 	 990 
[3,2],	25 
[2,0] 	 3 	 1024 
[2,4],	33 
[4,0] 	 2 	 1053 
[2,4],	31 
[4,0] 	 2 	 1071 
[3,2],	24 
[2,0] 	 4 	 1118 
[3,2],	23 
[2,0] 	 4 	 1170 
[4,3],	24 
[3,0] 	 -1 	 1180 
[2,4],	33 
[4,0] 	 3 	 1197 
[2,3],	21 
[3,0] 	 0 	 1225 
[4,3],	23 
[3,0] 	 0 	 1246 
[4,2],	35 
[2,0] 	 4 	 1276 
[3,4],	25 
[4,0] 	 3 	 1286 
[3,2],	23 
[2,0] 	 4 	 1320 
[4,3],	23 
[3,0] 	 0 	 1326 
[4,3],	23 
[3,0] 	 0 	 1369 
[2,4],	33 
[4,0] 	 4 	 1376 
[3,4],	25 
[4,0] 	 3 	 1411 
[3,2],	25 
[2,0] 	 4 	 1417 
[3,2],	25 
[2,0] 	 4 	 1460 
[2,4],	33 
[4,0] 	 4 	 1530 
[3,4],	25 
[4,0] 	 4 	 1557 
[4,3],	24 
[3,0] 	 0 	 1578 
[4,2],	35 
[2,0] 	 4 	 1584 
[2,3],	22 
[3,0] 	 0 	 1608 
[4,2],	35 
[2,0] 	 4 	 1614 
[2,3],	22 
[3,0] 	 0 	 1650 
[2,4],	33 
[4,0] 	 4 	 1657 
[4,2],	35 
[2,0] 	 4 	 1699 
[4,3],	24 
[3,0] 	 0 	 1705 
[4,2],	35 
[2,0] 	 4 	 1748 
[4,3],	24 
[3,0] 	 0 	 1758 
[2,4],	33 
[4,0] 	 4 	 1791 
[3,2],	24 
[2,0] 	 3 	 1845 
[4,3],	24 
[3,0] 	 0 	 1851 
[4,2],	35 
[2,0] 	 4 	 1893 
[4,3],	23 
[3,0] 	 0 	 1902 
[3,2],	23 
[2,0] 	 3 	 1943 
[3,4],	25 
[4,0] 	 4 	 1949 
[4,2],	35 
[2,0] 	 4 	 2033 
[4,3],	24 
[3,0] 	 -1 	 2048 
[3,4],	25 
[4,0] 	 4 	 2087 
[3,2],	23 
[2,0] 	 4 	 2093 
[2,3],	22 
[3,0] 	 0 	 2131 
[4,2],	35 
[2,0] 	 3 	 2177 
[3,2],	3 
[2,0] 	 4 	 2212 
[2,3],	21 
[3,0] 	 -1 	 2244 
[2,4],	33 
[4,0] 	 4 	 2251 
[3,4],	25 
[4,0] 	 3 	 2274 
[3,2],	25 
[2,0] 	 4 	 2282 
[4,2],	35 
[2,0] 	 4 	 2298 
[3,2],	25 
[2,0] 	 3 	 2343 
[4,3],	24 
[3,0] 	 -1 	 2361 
[2,4],	33 
[4,0] 	 4 	 2393 
[2,3],	21 
[3,0] 	 -1 	 2399 
[4,2],	35 
[2,0] 	 4 	 2430 
[3,2],	26 
[2,0] 	 4 	 2455 
[4,3],	23 
[3,0] 	 0 	 2481 
[2,4],	31 
[4,0] 	 4 	 2487 
[2,3],	21 
[3,0] 	 0 	 2511 
[4,2],	35 
[2,0] 	 4 	 2544 
[3,2],	22 
[2,0] 	 4 	 2579 
[4,3],	24 
[3,0] 	 0 	 2611 
[2,4],	31 
[4,0] 	 4 	 2628 
[2,3],	22 
[3,0] 	 0 	 2633 
[4,2],	35 
[2,0] 	 4 	 2664 
[3,2],	24 
[2,0] 	 3 	 2702 
[4,3],	24 
[3,0] 	 0 	 2727 
[2,3],	21 
[3,0] 	 0 	 2749 
[2,4],	33 
[4,0] 	 3 	 2755 
[3,2],	26 
[2,0] 	 4 	 2798 
[3,2],	25 
[2,0] 	 4 	 2827 
[4,3],	23 
[3,0] 	 -1 	 2872 
[2,4],	32 
[4,0] 	 4 	 2884 
[4,2],	31 
[2,0] 	 4 	 2918 
[4,3],	23 
[3,0] 	 -1 	 2925 
[3,2],	25 
[2,0] 	 4 	 2967 
[3,2],	25 
[2,0] 	 4 	 3004 
[0,4],	6 
[4,0] 	 3 	 3829 
[4,3],	24 
[3,0] 	 0 	 3867 
[4,2],	35 
[2,0] 	 4 	 3874 
[4,2],	35 
[2,0] 	 4 	 3898 
[2,3],	21 
[3,0] 	 0 	 3904 
[3,4],	25 
[4,0] 	 4 	 3937 
[2,3],	22 
[3,0] 	 0 	 3944 
[4,3],	23 
[3,0] 	 0 	 3981 
[4,2],	35 
[2,0] 	 4 	 3987 
[2,3],	21 
[3,0] 	 -1 	 4015 
[4,2],	35 
[2,0] 	 3 	 4021 
[3,4],	23 
[4,0] 	 4 	 4045 
[2,4],	34 
[4,0] 	 3 	 4069 
[3,2],	25 
[2,0] 	 3 	 4085 
[3,2],	24 
[2,0] 	 4 	 4118 
[4,3],	23 
[3,0] 	 -1 	 4132 
[0,2],	4 
[2,0] 	 2 	 12820 
[2,4],	33 
[4,0] 	 4 	 12845 
[2,4],	33 
[4,0] 	 4 	 12874 
[2,3],	22 
[3,0] 	 0 	 12881 
[3,2],	24 
[2,0] 	 3 	 12917 
[3,2],	26 
[2,0] 	 3 	 12960 
[2,4],	33 
[4,0] 	 4 	 12995 
[2,3],	22 
[3,0] 	 0 	 13029 
[3,4],	25 
[4,0] 	 4 	 13063 
[3,4],	25 
[4,0] 	 3 	 13084 
[3,2],	25 
[2,0] 	 3 	 13091 
[4,2],	36 
[2,0] 	 3 	 13119 
[3,2],	23 
[2,0] 	 3 	 13140 
[4,3],	24 
[3,0] 	 -1 	 13161 
[2,4],	31 
[4,0] 	 4 	 13180 
[2,3],	22 
[3,0] 	 0 	 13187 
[4,2],	35 
[2,0] 	 3 	 13224 
[4,3],	23 
[3,0] 	 0 	 13230 
[2,3],	21 
[3,0] 	 0 	 13250 
[4,2],	36 
[2,0] 	 3 	 13260 
[2,3],	21 
[3,0] 	 0 	 13313 
[2,4],	33 
[4,0] 	 4 	 13320 
[4,2],	35 
[2,0] 	 2 	 13374 
[4,3],	23 
[3,0] 	 0 	 13380 
[2,3],	21 
[3,0] 	 0 	 13404 
[4,2],	36 
[2,0] 	 3 	 13428 
[3,4],	25 
[4,0] 	 4 	 13448 
[3,2],	25 
[2,0] 	 3 	 13478 
[4,3],	24 
[3,0] 	 -1 	 13489 
[4,2],	35 
[2,0] 	 3 	 13526 
[4,3],	23 
[3,0] 	 0 	 13532 
[3,4],	25 
[4,0] 	 3 	 13564 
[3,2],	24 
[2,0] 	 2 	 13570 
[2,4],	33 
[4,0] 	 3 	 13598 
[0,3],	0 
[3,0] 	 0 	 15822 
[3,4],	25 
[4,0] 	 3 	 15851 
[3,2],	24 
[2,0] 	 2 	 15922 
[2,4],	33 
[4,0] 	 4 	 15953 
[2,3],	22 
[3,0] 	 -1 	 15979 
[3,2],	24 
[2,0] 	 2 	 16028 
[4,3],	24 
[3,0] 	 0 	 16045 
[0,4],	4 
[4,0] 	 4 	 18825 
[4,2],	35 
[2,0] 	 2 	 18865 
[4,2],	35 
[2,0] 	 2 	 18900 
[4,3],	23 
[3,0] 	 0 	 18916 
[2,4],	33 
[4,0] 	 4 	 18940 
[3,2],	25 
[2,0] 	 2 	 18977 
[3,2],	24 
[2,0] 	 2 	 19013 
[2,3],	22 
[3,0] 	 0 	 19072 
[4,2],	35 
[2,0] 	 2 	 19110 
[3,2],	25 
[2,0] 	 2 	 19164 
[4,3],	23 
[3,0] 	 0 	 19185 
[2,4],	33 
[4,0] 	 4 	 19201 
[4,3],	23 
[3,0] 	 0 	 19260 
[4,2],	35 
[2,0] 	 2 	 19266 
File Started on: 2/12/2015 9:40:48 AM
[0,2],	5 
[2,0] 	 1 	 -7716 
[2,3],	21 
[3,0] 	 0 	 -7681 
[2,4],	33 
[4,0] 	 1 	 -7675 
[4,2],	35 
[2,0] 	 1 	 -7641 
[3,4],	25 
[4,0] 	 1 	 -7626 
[2,3],	22 
[3,0] 	 0 	 -7619 
[4,2],	35 
[2,0] 	 1 	 -7592 
[2,4],	33 
[4,0] 	 1 	 -7544 
[2,3],	22 
[3,0] 	 0 	 -7538 
[0,3],	0 
[3,0] 	 0 	 -4714 
[3,4],	25 
[4,0] 	 1 	 -4684 
[3,2],	24 
[2,0] 	 1 	 -4669 
[3,2],	24 
[2,0] 	 1 	 -4640 
[4,3],	23 
[3,0] 	 0 	 -4633 
[2,4],	33 
[4,0] 	 1 	 -4609 
[2,3],	21 
[3,0] 	 0 	 -4586 
[3,2],	24 
[2,0] 	 1 	 -4541 
[3,4],	25 
[4,0] 	 1 	 -4534 
[4,3],	23 
[3,0] 	 0 	 -4493 
[3,2],	25 
[2,0] 	 1 	 -4488 
[4,3],	23 
[3,0] 	 0 	 -4431 
[2,4],	33 
[4,0] 	 1 	 -4424 
[4,3],	23 
[3,0] 	 0 	 -4377 
[3,2],	26 
[2,0] 	 0 	 -4371 
[3,2],	24 
[2,0] 	 1 	 -4344 
[4,3],	24 
[3,0] 	 1 	 -4327 
[2,4],	33 
[4,0] 	 1 	 -4313 
[2,3],	22 
[3,0] 	 0 	 -4285 
[4,2],	35 
[2,0] 	 1 	 -4263 
[3,2],	24 
[2,0] 	 1 	 -4235 
[3,4],	25 
[4,0] 	 1 	 -4229 
[3,2],	26 
[2,0] 	 1 	 -4196 
[2,4],	33 
[4,0] 	 1 	 -4165 
[2,3],	21 
[3,0] 	 1 	 -4145 
[2,4],	33 
[4,0] 	 1 	 -4138 
[4,2],	35 
[2,0] 	 1 	 -4106 
[4,2],	35 
[2,0] 	 1 	 -4060 
[2,3],	22 
[3,0] 	 0 	 -4022 
[2,4],	33 
[4,0] 	 1 	 -4015 
[4,2],	35 
[2,0] 	 1 	 -3975 
[3,2],	25 
[2,0] 	 1 	 -3952 
[2,3],	22 
File Started on: 2/12/2015 9:44:18 AM
[0,4],	-1 
[4,0] 	 -4 	 11686 
[4,3],	23 
[3,0] 	 1 	 11733 
[4,2],	35 
[2,0] 	 -7 	 11761 
[2,4],	33 
[4,0] 	 -4 	 11804 
[3,2],	24 
[2,0] 	 -7 	 11827 
[4,3],	23 
[3,0] 	 1 	 11845 
[4,2],	35 
[2,0] 	 -7 	 11891 
[4,3],	24 
[3,0] 	 1 	 11903 
[3,2],	24 
[2,0] 	 -7 	 11942 
[2,4],	32 
[4,0] 	 -3 	 11978 
[2,3],	22 
[3,0] 	 1 	 11984 
[3,2],	25 
[2,0] 	 -7 	 12032 
[3,2],	26 
[2,0] 	 -7 	 12071 
[2,4],	33 
[4,0] 	 -2 	 12102 
[2,3],	21 
[3,0] 	 1 	 12122 
[3,4],	25 
[4,0] 	 -3 	 12157 
[3,4],	25 
[4,0] 	 -4 	 12177 
[3,2],	26 
[2,0] 	 -7 	 12183 
[4,2],	35 
[2,0] 	 -7 	 12211 
[4,2],	35 
[2,0] 	 -7 	 12243 
[4,3],	24 
[3,0] 	 1 	 12266 
[2,4],	33 
[4,0] 	 -4 	 12283 
[4,2],	35 
[2,0] 	 -7 	 12319 
[4,3],	23 
[3,0] 	 1 	 12325 
[4,2],	35 
[2,0] 	 -7 	 12356 
[2,3],	21 
[3,0] 	 1 	 12393 
[2,4],	33 
[4,0] 	 -4 	 12399 
[4,3],	23 
[3,0] 	 1 	 12439 
[4,2],	35 
[2,0] 	 -7 	 12445 
[2,3],	21 
[3,0] 	 1 	 12467 
[4,2],	35 
[2,0] 	 -7 	 12479 
[3,4],	25 
[4,0] 	 -4 	 12514 
[2,3],	22 
[3,0] 	 1 	 12538 
[4,3],	23 
[3,0] 	 1 	 12557 
[2,3],	22 
[3,0] 	 1 	 12594 
[3,4],	25 
[4,0] 	 -2 	 12627 
[3,2],	26 
[2,0] 	 -7 	 12646 
[4,2],	36 
[2,0] 	 -7 	 12669 
[2,3],	21 
[3,0] 	 1 	 12695 
[3,4],	25 
[4,0] 	 -4 	 12734 
[3,2],	26 
[2,0] 	 -7 	 12759 
[4,2],	35 
[2,0] 	 -7 	 12804 
[4,3],	23 
[3,0] 	 0 	 12823 
[0,2],	0 
[2,0] 	 -8 	 20683 
[2,3],	21 
[3,0] 	 0 	 20715 
[2,4],	32 
[4,0] 	 -6 	 20723 
[3,2],	24 
[2,0] 	 -7 	 20761 
[3,2],	26 
[2,0] 	 -7 	 20784 
[4,3],	24 
[3,0] 	 0 	 20808 
[2,4],	33 
[4,0] 	 -6 	 20815 
[2,3],	22 
[3,0] 	 -1 	 20839 
[3,2],	25 
[2,0] 	 -7 	 20870 
[4,2],	35 
[2,0] 	 -7 	 20906 
[4,3],	23 
[3,0] 	 0 	 20922 
[0,3],	0 
[3,0] 	 0 	 23679 
[3,4],	25 
[4,0] 	 -6 	 23713 
[3,2],	25 
[2,0] 	 -7 	 23719 
[4,3],	24 
[3,0] 	 0 	 23749 
[2,3],	21 
[3,0] 	 0 	 23771 
[4,3],	23 
[3,0] 	 0 	 23787 
[3,2],	24 
[2,0] 	 -6 	 23813 
[3,4],	23 
[4,0] 	 -3 	 23819 
[3,2],	26 
[2,0] 	 -6 	 23854 
[4,3],	23 
[3,0] 	 0 	 23871 
[2,4],	32 
[4,0] 	 -6 	 23894 
[2,3],	22 
[3,0] 	 0 	 23911 
[2,4],	33 
[4,0] 	 -6 	 23919 
[3,2],	25 
[2,0] 	 -4 	 23955 
[3,4],	25 
[4,0] 	 -4 	 23961 
[3,2],	25 
[2,0] 	 -6 	 23997 
[4,3],	24 
[3,0] 	 0 	 24016 
[2,3],	22 
[3,0] 	 0 	 24048 
[3,4],	25 
[4,0] 	 -6 	 24084 
[4,2],	35 
[2,0] 	 -7 	 24123 
[2,3],	22 
[3,0] 	 0 	 24148 
[4,2],	35 
File Started on: 2/12/2015 9:45:13 AM
[4,2],	35 
[2,0] 	 -6 	 507 
[4,3],	24 
[3,0] 	 1 	 531 
[2,4],	32 
[4,0] 	 -3 	 542 
[4,3],	23 
[3,0] 	 2 	 589 
[4,2],	35 
[2,0] 	 -6 	 628 
[4,3],	23 
[3,0] 	 1 	 639 
[2,4],	32 
[4,0] 	 -4 	 666 
[3,2],	24 
[2,0] 	 -6 	 674 
[4,3],	23 
[3,0] 	 1 	 700 
[4,2],	35 
[2,0] 	 -2 	 733 
[4,3],	24 
[3,0] 	 -1 	 749 
[3,4],	23 
[4,0] 	 -3 	 785 
[3,2],	24 
[2,0] 	 -6 	 791 
[4,3],	24 
[3,0] 	 1 	 831 
[4,2],	35 
[2,0] 	 -5 	 880 
[4,3],	24 
[3,0] 	 1 	 889 
[2,3],	22 
[3,0] 	 1 	 920 
[0,3],	2 
[3,0] 	 1 	 3145 
[0,4],	0 
[4,0] 	 -4 	 6145 
[4,2],	35 
[2,0] 	 -6 	 6192 
[4,3],	23 
[3,0] 	 2 	 6198 
[4,3],	23 
[3,0] 	 2 	 6234 
[2,4],	33 
[4,0] 	 -4 	 6242 
[3,2],	25 
[2,0] 	 -6 	 6282 
[3,2],	25 
[2,0] 	 -6 	 6315 
[4,3],	23 
[3,0] 	 2 	 6337 
[2,4],	33 
[4,0] 	 -4 	 6344 
[2,3],	21 
[3,0] 	 2 	 6383 
[3,2],	25 
[2,0] 	 -6 	 6422 
[3,2],	24 
[2,0] 	 -6 	 6464 
[2,4],	33 
[4,0] 	 -2 	 6499 
[2,3],	21 
[3,0] 	 1 	 6523 
[4,2],	35 
[2,0] 	 -6 	 6537 
[4,2],	35 
[2,0] 	 -6 	 6576 
[3,4],	25 
[4,0] 	 -2 	 6584 
[2,3],	22 
[3,0] 	 2 	 6606 
[4,2],	35 
[2,0] 	 -6 	 6642 
[4,3],	24 
[3,0] 	 1 	 6647 
[4,2],	35 
[2,0] 	 -6 	 6672 
[4,3],	24 
[3,0] 	 2 	 6682 
[0,2],	0 
[2,0] 	 -4 	 15145 
[2,3],	21 
[3,0] 	 2 	 15170 
[2,4],	32 
[4,0] 	 -4 	 15185 
[2,3],	22 
[3,0] 	 2 	 15204 
[4,3],	23 
[3,0] 	 2 	 15224 
[4,2],	35 
[2,0] 	 -7 	 15269 
[4,3],	23 
[3,0] 	 2 	 15292 
File Started on: 2/12/2015 9:48:58 AM
[0,4],	4 
[4,0] 	 2 	 -31005 
[4,3],	23 
[3,0] 	 1 	 -30976 
[3,4],	25 
[4,0] 	 2 	 -30926 
[2,3],	21 
[3,0] 	 1 	 -30920 
[0,2],	0 
[2,0] 	 -8 	 -21999 
[2,3],	22 
[3,0] 	 0 	 -21964 
[2,4],	33 
[4,0] 	 1 	 -21944 
[2,3],	22 
[3,0] 	 0 	 -21933 
[3,4],	25 
[4,0] 	 1 	 -21901 
[3,2],	25 
[2,0] 	 -7 	 -21868 
[4,2],	35 
[2,0] 	 -7 	 -21847 
[3,2],	24 
[2,0] 	 -7 	 -21829 
[2,3],	22 
[3,0] 	 0 	 -21780 
[2,4],	33 
[4,0] 	 2 	 -21773 
[3,4],	25 
[4,0] 	 2 	 -21739 
[3,2],	24 
[2,0] 	 -6 	 -21712 
[3,4],	23 
[4,0] 	 2 	 -21706 
[3,2],	25 
[2,0] 	 -7 	 -21663 
[2,4],	33 
[4,0] 	 1 	 -21627 
[2,3],	22 
[3,0] 	 0 	 -21603 
[2,4],	33 
[4,0] 	 1 	 -21597 
[4,2],	35 
[2,0] 	 -6 	 -21560 
[2,3],	22 
[3,0] 	 0 	 -21526 
[4,2],	35 
[2,0] 	 -6 	 -21520 
[2,4],	33 
[4,0] 	 2 	 -21469 
[2,3],	21 
[3,0] 	 0 	 -21463 
[4,3],	23 
[3,0] 	 0 	 -21430 
[4,2],	35 
[2,0] 	 -6 	 -21423 
[2,3],	22 
[3,0] 	 0 	 -21394 
[4,2],	35 
[2,0] 	 -7 	 -21387 
[3,4],	25 
[4,0] 	 1 	 -21359 
[3,2],	25 
[2,0] 	 -7 	 -21353 
[4,2],	35 
[2,0] 	 -4 	 -21271 
[4,3],	23 
[3,0] 	 0 	 -21255 
[0,3],	0 
[3,0] 	 1 	 -19007 
[3,4],	25 
[4,0] 	 1 	 -18971 
[3,2],	26 
[2,0] 	 -7 	 -18965 
[4,3],	23 
[3,0] 	 0 	 -18919 
[4,2],	35 
[2,0] 	 -6 	 -18870 
[4,3],	23 
[3,0] 	 0 	 -18858 
[2,3],	21 
[3,0] 	 0 	 -18842 
[3,2],	25 
[2,0] 	 -7 	 -18815 
[3,4],	25 
[4,0] 	 0 	 -18808 
[3,2],	24 
[2,0] 	 -5 	 -18770 
[4,3],	23 
[3,0] 	 0 	 -18763 
[4,3],	23 
[3,0] 	 1 	 -18729 
[3,2],	23 
[2,0] 	 -7 	 -18689 
[3,4],	25 
[4,0] 	 2 	 -18683 
[3,2],	25 
[2,0] 	 -7 	 -18640 
[4,3],	23 
[3,0] 	 0 	 -18633 
[2,4],	33 
[4,0] 	 2 	 -18612 
[2,3],	21 
[3,0] 	 0 	 -18593 
[2,4],	33 
[4,0] 	 1 	 -18587 
[3,2],	26 
[2,0] 	 -4 	 -18543 
[3,4],	25 
[4,0] 	 1 	 -18537 
[4,3],	23 
[3,0] 	 0 	 -18497 
[4,2],	35 
[2,0] 	 -6 	 -18474 
[4,3],	23 
[3,0] 	 0 	 -18457 
[2,4],	33 
[4,0] 	 2 	 -18435 
[3,2],	25 
[2,0] 	 -6 	 -18410 
[4,2],	35 
[2,0] 	 -6 	 -18386 
[3,2],	25 
[2,0] 	 -6 	 -18361 
[4,3],	23 
[3,0] 	 0 	 -18326 
[2,4],	33 
[4,0] 	 1 	 -18320 
[4,3],	23 
[3,0] 	 0 	 -18274 
[4,2],	35 
[2,0] 	 -6 	 -18267 
[2,3],	22 
[3,0] 	 0 	 -18239 
[4,2],	35 
[2,0] 	 -5 	 -18225 
[2,4],	33 
[4,0] 	 2 	 -18185 
[2,3],	22 
[3,0] 	 0 	 -18179 
[4,2],	35 
[2,0] 	 -6 	 -18141 
[4,3],	23 
[3,0] 	 0 	 -18134 
[2,3],	22 
[3,0] 	 0 	 -18109 
[4,2],	35 
[2,0] 	 -6 	 -18097 
[4,3],	23 
[3,0] 	 0 	 -18090 
[3,2],	25 
[2,0] 	 -7 	 -18063 
[3,4],	25 
[4,0] 	 1 	 -18056 
[4,3],	23 
[3,0] 	 0 	 -18016 
[4,2],	35 
[2,0] 	 -3 	 -17979 
[4,3],	23 
[3,0] 	 0 	 -17965 
[2,3],	22 
[3,0] 	 0 	 -17946 
[3,4],	25 
[4,0] 	 1 	 -17913 
[3,2],	25 
[2,0] 	 -6 	 -17907 
[4,2],	35 
[2,0] 	 -6 	 -17867 
[2,3],	22 
[3,0] 	 0 	 -17860 
[3,4],	25 
[4,0] 	 1 	 -17834 
[3,4],	25 
[4,0] 	 0 	 -17811 
[3,2],	26 
[2,0] 	 -6 	 -17762 
[2,4],	33 
[4,0] 	 1 	 -17729 
[4,3],	23 
[3,0] 	 0 	 -17684 
[4,2],	35 
[2,0] 	 -3 	 -17640 
[4,3],	23 
[3,0] 	 0 	 -17625 
[3,2],	25 
[2,0] 	 -6 	 -17590 
[3,4],	25 
[4,0] 	 1 	 -17583 
[3,2],	25 
[2,0] 	 -6 	 -17538 
[4,3],	23 
[3,0] 	 0 	 -17498 
[0,4],	2 
[4,0] 	 0 	 -15992 
[4,2],	35 
[2,0] 	 -7 	 -15950 
[4,3],	23 
[3,0] 	 0 	 -15944 
[3,2],	24 
[2,0] 	 -8 	 -15910 
[2,3],	22 
[3,0] 	 0 	 -15863 
[2,4],	33 
[4,0] 	 0 	 -15857 
[3,4],	25 
[4,0] 	 0 	 -15836 
[4,2],	36 
[2,0] 	 -7 	 -15811 
[3,2],	24 
[2,0] 	 -8 	 -15772 
[4,3],	23 
[3,0] 	 0 	 -15766 
[2,4],	33 
[4,0] 	 0 	 -15729 
[2,3],	21 
[3,0] 	 0 	 -15723 
[4,3],	24 
[3,0] 	 0 	 -15684 
[3,2],	25 
[2,0] 	 -8 	 -15645 
[4,3],	23 
[3,0] 	 0 	 -15619 
[0,2],	-6 
[2,0] 	 -8 	 -7008 
[2,4],	33 
[4,0] 	 -1 	 -6979 
[2,3],	22 
[3,0] 	 0 	 -6944 
[3,2],	24 
[2,0] 	 -8 	 -6896 
[3,2],	26 
[2,0] 	 -9 	 -6854 
[2,4],	33 
[4,0] 	 -1 	 -6823 
[2,4],	33 
[4,0] 	 -1 	 -6791 
[2,3],	22 
[3,0] 	 0 	 -6783 
[3,2],	25 
[2,0] 	 -9 	 -6732 
[3,2],	25 
[2,0] 	 -9 	 -6690 
[2,4],	33 
[4,0] 	 -2 	 -6657 
[2,3],	22 
[3,0] 	 1 	 -6632 
[3,4],	25 
[4,0] 	 -2 	 -6584 
[4,2],	35 
[2,0] 	 -9 	 -6538 
[0,3],	0 
[3,0] 	 0 	 -3999 
[3,4],	25 
[4,0] 	 0 	 -3961 
[3,4],	25 
[4,0] 	 0 	 -3937 
[4,3],	24 
[3,0] 	 0 	 -3890 
[4,2],	35 
[2,0] 	 -6 	 -3884 
[4,2],	35 
[2,0] 	 -6 	 -3839 
[4,3],	23 
[3,0] 	 0 	 -3816 
[3,4],	25 
[4,0] 	 0 	 -3765 
[2,3],	21 
[3,0] 	 0 	 -3725 
[3,4],	23 
[4,0] 	 1 	 -3696 
[3,2],	25 
[2,0] 	 -4 	 -3671 
[3,2],	24 
[2,0] 	 -4 	 -3627 
[2,4],	33 
[4,0] 	 2 	 -3599 
[2,4],	31 
[4,0] 	 2 	 -3579 
[2,3],	21 
[3,0] 	 0 	 -3573 
[4,2],	35 
[2,0] 	 -4 	 -3545 
[3,2],	25 
[2,0] 	 -6 	 -3519 
[4,3],	24 
[3,0] 	 0 	 -3485 
[2,3],	21 
[3,0] 	 0 	 -3456 
[2,4],	33 
[4,0] 	 2 	 -3450 
[3,2],	26 
[2,0] 	 -6 	 -3406 
[4,3],	23 
[3,0] 	 0 	 -3399 
[4,2],	35 
[2,0] 	 -6 	 -3354 
[4,3],	23 
[3,0] 	 0 	 -3343 
File Started on: 2/12/2015 9:50:29 AM
[0,2],	9 
[2,0] 	 4 	 2459 
[2,4],	33 
[4,0] 	 2 	 2484 
[2,4],	33 
[4,0] 	 2 	 2504 
[2,3],	21 
[3,0] 	 -2 	 2510 
[4,2],	35 
[2,0] 	 4 	 2535 
[3,4],	25 
[4,0] 	 2 	 2564 
[2,3],	21 
[3,0] 	 -4 	 2570 
[0,3],	-7 
[3,0] 	 -10 	 5467 
[0,4],	2 
[4,0] 	 0 	 8460 
[4,2],	35 
[2,0] 	 5 	 8513 
[4,2],	35 
[2,0] 	 6 	 8541 
[4,3],	23 
[3,0] 	 -11 	 8552 
[3,4],	25 
[4,0] 	 0 	 8593 
[3,2],	24 
[2,0] 	 4 	 8633 
[4,3],	23 
[3,0] 	 -3 	 8647 
[4,2],	35 
[2,0] 	 1 	 8683 
[4,3],	23 
[3,0] 	 -6 	 8694 
[3,2],	22 
[2,0] 	 2 	 8736 
[3,4],	25 
[4,0] 	 2 	 8742 
[3,2],	25 
[2,0] 	 -1 	 8776 
[4,3],	23 
[3,0] 	 -12 	 8782 
[4,3],	23 
[3,0] 	 -15 	 8816 
[3,2],	24 
[2,0] 	 -6 	 8855 
[3,4],	23 
[4,0] 	 -10 	 8862 
[3,2],	24 
[2,0] 	 -6 	 8884 
[4,3],	23 
[3,0] 	 -9 	 8906 
[2,4],	33 
[4,0] 	 -4 	 8913 
[2,4],	33 
[4,0] 	 -2 	 8947 
[3,2],	25 
[2,0] 	 -13 	 8986 
[3,4],	24 
[4,0] 	 -1 	 8993 
[3,2],	25 
[2,0] 	 -8 	 9025 
[4,3],	24 
[3,0] 	 -5 	 9037 
[4,3],	24 
[3,0] 	 -2 	 9067 
[2,4],	33 
[4,0] 	 -1 	 9087 
[2,3],	21 
[3,0] 	 -1 	 9093 
[3,2],	25 
[2,0] 	 0 	 9117 
[3,4],	26 
[4,0] 	 -5 	 9124 
[3,2],	25 
[2,0] 	 1 	 9160 
[4,2],	35 
[2,0] 	 2 	 9179 
[2,4],	31 
[4,0] 	 -1 	 9209 
[2,3],	21 
[3,0] 	 -6 	 9215 
[3,4],	25 
[4,0] 	 0 	 9238 
[3,2],	25 
[2,0] 	 1 	 9255 
[4,2],	35 
[2,0] 	 2 	 9278 
[4,2],	35 
[2,0] 	 2 	 9323 
[4,3],	24 
[3,0] 	 -7 	 9329 
[2,3],	21 
[3,0] 	 -6 	 9362 
[2,4],	31 
[4,0] 	 0 	 9368 
[3,2],	24 
[2,0] 	 2 	 9401 
[3,2],	23 
[2,0] 	 2 	 9438 
[4,3],	24 
[3,0] 	 -3 	 9450 
[2,4],	33 
[4,0] 	 -4 	 9462 
[2,3],	21 
[3,0] 	 -4 	 9497 
[2,4],	33 
[4,0] 	 -7 	 9504 
[3,2],	25 
[2,0] 	 1 	 9536 
[3,2],	25 
[2,0] 	 2 	 9574 
[2,4],	33 
[4,0] 	 -6 	 9606 
[2,3],	22 
[3,0] 	 -2 	 9630 
[3,4],	25 
[4,0] 	 -6 	 9661 
[3,2],	23 
[2,0] 	 1 	 9678 
[3,4],	25 
[4,0] 	 -6 	 9685 
[4,3],	23 
[3,0] 	 -2 	 9716 
[4,2],	35 
[2,0] 	 1 	 9723 
[4,2],	35 
[2,0] 	 1 	 9758 
[4,3],	24 
[3,0] 	 -2 	 9765 
[2,4],	33 
[4,0] 	 -3 	 9793 
[2,3],	22 
[3,0] 	 -3 	 9799 
[4,2],	35 
[2,0] 	 2 	 9837 
[4,2],	35 
[2,0] 	 2 	 9879 
[4,3],	23 
[3,0] 	 -1 	 9890 
[2,3],	21 
[3,0] 	 0 	 9923 
[2,4],	32 
[4,0] 	 -5 	 9930 
[3,4],	25 
[4,0] 	 -6 	 9961 
[3,2],	25 
[2,0] 	 1 	 9968 
[3,2],	25 
[2,0] 	 2 	 10014 
[2,4],	32 
[4,0] 	 -2 	 10046 
[2,3],	22 
[3,0] 	 -1 	 10075 
[2,4],	30 
[4,0] 	 -5 	 10082 
[4,2],	35 
[2,0] 	 2 	 10115 
[4,2],	34 
[2,0] 	 2 	 10154 
[2,4],	33 
[4,0] 	 -4 	 10187 
[2,3],	21 
[3,0] 	 0 	 10194 
[4,2],	35 
[2,0] 	 2 	 10225 
[3,4],	23 
[4,0] 	 -6 	 10237 
[4,2],	34 
[2,0] 	 2 	 10264 
[2,3],	21 
[3,0] 	 0 	 10305 
[2,4],	32 
[4,0] 	 -5 	 10312 
File Started on: 2/12/2015 9:52:30 AM
[0,2],	1 
[2,0] 	 -6 	 -8604 
[2,3],	21 
[3,0] 	 0 	 -8580 
[2,4],	33 
[4,0] 	 -9 	 -8567 
[3,4],	25 
[4,0] 	 -8 	 -8517 
[3,2],	24 
[2,0] 	 -6 	 -8482 
[0,3],	0 
[3,0] 	 0 	 -5601 
[3,4],	25 
[4,0] 	 -8 	 -5570 
[3,2],	25 
[2,0] 	 -3 	 -5558 
[2,4],	31 
[4,0] 	 -9 	 -5523 
[2,3],	21 
[3,0] 	 0 	 -5494 
[4,2],	35 
[2,0] 	 -5 	 -5487 
[4,2],	35 
[2,0] 	 -5 	 -5438 
[4,3],	24 
[3,0] 	 -1 	 -5425 
[3,2],	25 
[2,0] 	 -5 	 -5385 
[2,3],	22 
[3,0] 	 0 	 -5349 
[2,4],	33 
[4,0] 	 -8 	 -5343 
[4,2],	35 
[2,0] 	 -4 	 -5311 
[3,2],	25 
[2,0] 	 -4 	 -5282 
[2,4],	33 
[4,0] 	 -8 	 -5243 
[4,3],	24 
[3,0] 	 0 	 -5201 
[4,2],	35 
[2,0] 	 -4 	 -5175 
[4,3],	24 
[3,0] 	 -1 	 -5164 
[3,4],	25 
[4,0] 	 -8 	 -5121 
[2,3],	21 
[3,0] 	 0 	 -5085 
[4,2],	35 
[2,0] 	 -4 	 -5079 
[3,4],	25 
[4,0] 	 -8 	 -5049 
[3,2],	25 
[2,0] 	 -3 	 -5032 
[3,4],	25 
[4,0] 	 -9 	 -5025 
[4,2],	35 
[2,0] 	 -4 	 -4986 
[4,2],	35 
[2,0] 	 -3 	 -4940 
[4,3],	24 
[3,0] 	 0 	 -4924 
[2,4],	33 
[4,0] 	 -8 	 -4888 
[2,3],	21 
[3,0] 	 -1 	 -4880 
[3,2],	24 
[2,0] 	 -5 	 -4847 
[3,4],	24 
[4,0] 	 -10 	 -4840 
[3,2],	24 
[2,0] 	 -4 	 -4813 
[2,4],	33 
[4,0] 	 -10 	 -4758 
[2,3],	21 
[3,0] 	 -1 	 -4751 
[3,4],	25 
[4,0] 	 -9 	 -4717 
[3,2],	26 
[2,0] 	 -5 	 -4698 
[4,2],	35 
[2,0] 	 -5 	 -4678 
[4,3],	24 
[3,0] 	 0 	 -4671 
[4,2],	35 
[2,0] 	 -5 	 -4640 
[4,3],	24 
[3,0] 	 -1 	 -4627 
[2,3],	22 
[3,0] 	 -1 	 -4599 
[2,4],	33 
[4,0] 	 -9 	 -4592 
[3,2],	23 
[2,0] 	 -5 	 -4558 
[3,2],	26 
[2,0] 	 -3 	 -4513 
[4,3],	24 
[3,0] 	 -1 	 -4492 
[2,3],	22 
[3,0] 	 0 	 -4466 
[3,4],	25 
[4,0] 	 -9 	 -4428 
[3,2],	25 
File Started on: 2/12/2015 9:54:46 AM
[0,3],	-2 
[3,0] 	 -2 	 -1685 
[3,4],	26 
[4,0] 	 -20 	 -1634 
[3,2],	25 
[2,0] 	 -10 	 -1628 
[3,2],	24 
[2,0] 	 -10 	 -1598 
[4,3],	24 
[3,0] 	 -2 	 -1588 
[2,3],	21 
[3,0] 	 -4 	 -1543 
[3,2],	23 
[2,0] 	 -10 	 -1503 
[3,4],	24 
[4,0] 	 -20 	 -1496 
[3,2],	25 
[2,0] 	 -10 	 -1459 
[4,3],	24 
[3,0] 	 -2 	 -1447 
[2,3],	21 
[3,0] 	 -2 	 -1412 
[3,4],	25 
[4,0] 	 -20 	 -1375 
[3,2],	25 
[2,0] 	 -10 	 -1369 
[4,2],	35 
[2,0] 	 -10 	 -1331 
[4,2],	35 
[2,0] 	 -10 	 -1293 
[4,3],	24 
[3,0] 	 -4 	 -1283 
[2,4],	33 
[4,0] 	 -21 	 -1252 
[2,3],	21 
[3,0] 	 -2 	 -1246 
[3,2],	25 
[2,0] 	 -10 	 -1203 
[4,3],	23 
[3,0] 	 -2 	 -1197 
[4,2],	35 
[2,0] 	 -10 	 -1172 
[4,3],	24 
[3,0] 	 -2 	 -1162 
[0,4],	-19 
[4,0] 	 -19 	 1324 
[4,3],	23 
[3,0] 	 -4 	 1359 
[4,2],	35 
[2,0] 	 -10 	 1365 
[3,4],	24 
[4,0] 	 -20 	 1403 
[2,3],	21 
[3,0] 	 -4 	 1416 
[0,2],	-7 
[2,0] 	 -11 	 10321 
[2,3],	22 
[3,0] 	 -2 	 10343 
[2,4],	33 
[4,0] 	 -18 	 10363 
[2,3],	22 
[3,0] 	 -2 	 10380 
[4,3],	24 
[3,0] 	 -4 	 10398 
[4,2],	35 
[2,0] 	 -10 	 10407 
[3,2],	25 
[2,0] 	 -10 	 10431 
[3,2],	25 
[2,0] 	 -10 	 10464 
[2,4],	33 
[4,0] 	 -18 	 10490 
[2,3],	21 
[3,0] 	 -2 	 10511 
[3,4],	25 
[4,0] 	 -18 	 10543 
[3,2],	25 
[2,0] 	 -10 	 10576 
[3,4],	25 
[4,0] 	 -18 	 10583 
[3,2],	26 
[2,0] 	 -10 	 10637 
[2,4],	33 
[4,0] 	 -18 	 10667 
[2,4],	33 
[4,0] 	 -18 	 10690 
[2,3],	21 
[3,0] 	 -2 	 10697 
[4,2],	35 
[2,0] 	 -10 	 10729 
[4,3],	24 
[3,0] 	 -2 	 10736 
[4,2],	35 
[2,0] 	 -10 	 10770 
[2,4],	33 
[4,0] 	 -18 	 10812 
[2,3],	21 
[3,0] 	 -2 	 10819 
[4,2],	35 
[2,0] 	 -10 	 10858 
[3,2],	25 
[2,0] 	 -10 	 10907 
[2,4],	33 
[4,0] 	 -18 	 10952 
[2,3],	21 
[3,0] 	 -2 	 10960 
[4,2],	35 
[2,0] 	 -10 	 11006 
[2,3],	21 
[3,0] 	 -2 	 11033 
[4,2],	35 
[2,0] 	 -10 	 11040 
[4,3],	24 
[3,0] 	 -2 	 11050 
[2,4],	33 
[4,0] 	 -18 	 11077 
[2,3],	21 
[3,0] 	 -4 	 11084 
[4,2],	35 
[2,0] 	 -10 	 11122 
[4,3],	24 
[3,0] 	 -2 	 11128 
[3,4],	25 
[4,0] 	 -18 	 11148 
[3,2],	26 
[2,0] 	 -10 	 11200 
[2,4],	33 
[4,0] 	 -18 	 11242 
[2,3],	22 
[3,0] 	 -4 	 11248 
[3,4],	26 
[4,0] 	 -18 	 11275 
[3,2],	25 
[2,0] 	 -10 	 11304 
[3,2],	24 
[2,0] 	 -10 	 11338 
[4,3],	24 
[3,0] 	 -4 	 11358 
[2,4],	31 
[4,0] 	 -18 	 11372 
[2,3],	21 
[3,0] 	 -2 	 11390 
[2,4],	33 
[4,0] 	 -18 	 11396 
[4,3],	24 
[3,0] 	 -2 	 11423 
[4,2],	35 
[2,0] 	 -10 	 11429 
[4,2],	35 
[2,0] 	 -10 	 11446 
[3,2],	25 
[2,0] 	 -10 	 11476 
[2,3],	22 
[3,0] 	 -2 	 11512 
[2,4],	33 
[4,0] 	 -18 	 11519 
[4,3],	23 
[3,0] 	 -2 	 11559 
[4,2],	35 
[2,0] 	 -10 	 11565 
[2,3],	21 
[3,0] 	 -2 	 11593 
[4,2],	35 
File Started on: 2/12/2015 10:02:37 AM
[0,2],	3 
[2,0] 	 1 	 517 
[2,3],	23 
[3,0] 	 -15 	 555 
[4,3],	24 
[3,0] 	 -15 	 594 
[3,2],	26 
[2,0] 	 1 	 601 
[4,2],	34 
[2,0] 	 1 	 626 
[3,2],	26 
[2,0] 	 1 	 645 
[2,4],	32 
[4,0] 	 -4 	 686 
[2,3],	23 
[3,0] 	 -16 	 693 
[4,3],	23 
[3,0] 	 -15 	 739 
[4,2],	34 
[2,0] 	 1 	 745 
[3,2],	26 
[2,0] 	 1 	 763 
[4,3],	24 
[3,0] 	 -15 	 787 
[2,4],	32 
[4,0] 	 -5 	 801 
[2,3],	23 
[3,0] 	 -9 	 833 
[3,2],	26 
[2,0] 	 1 	 881 
[4,2],	34 
[2,0] 	 1 	 907 
[0,3],	-9 
[3,0] 	 -10 	 3504 
[3,4],	24 
[4,0] 	 -4 	 3539 
[3,2],	26 
[2,0] 	 1 	 3566 
[4,2],	34 
[2,0] 	 1 	 3616 
[4,3],	24 
[3,0] 	 -9 	 3623 
[0,4],	-2 
[4,0] 	 -5 	 6518 
[4,3],	23 
[3,0] 	 -9 	 6550 
[4,2],	34 
[2,0] 	 1 	 6557 
[3,2],	26 
[2,0] 	 1 	 6603 
[2,3],	23 
[3,0] 	 -9 	 6644 
[2,4],	32 
[4,0] 	 -6 	 6650 
[4,2],	34 
[2,0] 	 1 	 6696 
[2,3],	23 
[3,0] 	 -10 	 6721 
[4,2],	34 
[2,0] 	 1 	 6727 
[2,3],	23 
[3,0] 	 -9 	 6767 
[2,4],	32 
[4,0] 	 -7 	 6773 
[4,2],	34 
[2,0] 	 1 	 6804 
[4,3],	24 
[3,0] 	 -9 	 6810 
[2,3],	23 
[3,0] 	 -9 	 6837 
[4,2],	34 
[2,0] 	 1 	 6843 
[3,4],	24 
[4,0] 	 -5 	 6874 
[2,4],	32 
[4,0] 	 -6 	 6892 
[4,3],	23 
[3,0] 	 -9 	 6927 
[4,2],	34 
[2,0] 	 1 	 6962 
[4,3],	23 
[3,0] 	 -10 	 6975 
[3,2],	26 
[2,0] 	 1 	 7021 
[3,4],	24 
[4,0] 	 -6 	 7027 
[2,3],	23 
[3,0] 	 -9 	 7058 
[4,2],	34 
[2,0] 	 1 	 7064 
[3,2],	25 
[2,0] 	 1 	 7108 
[3,2],	26 
[2,0] 	 1 	 7145 
[2,4],	32 
[4,0] 	 -6 	 7179 
[2,3],	23 
[3,0] 	 -9 	 7211 
[3,4],	24 
[4,0] 	 -5 	 7246 
[3,2],	26 
[2,0] 	 1 	 7271 
[3,2],	26 
[2,0] 	 1 	 7313 
[2,4],	32 
[4,0] 	 -6 	 7347 
[2,4],	32 
[4,0] 	 -3 	 7369 
[2,3],	23 
[3,0] 	 -9 	 7375 
[4,2],	34 
[2,0] 	 1 	 7408 
[4,3],	24 
[3,0] 	 -9 	 7414 
[4,2],	34 
[2,0] 	 1 	 7448 
[2,4],	32 
[4,0] 	 -6 	 7485 
[4,3],	23 
[3,0] 	 -9 	 7521 
[4,2],	34 
[2,0] 	 1 	 7527 
[2,3],	23 
[3,0] 	 -10 	 7557 
[3,2],	25 
[2,0] 	 1 	 7601 
[3,4],	24 
[4,0] 	 -6 	 7607 
[2,3],	23 
[3,0] 	 -9 	 7634 
[4,2],	34 
[2,0] 	 -1 	 7670 
[2,3],	23 
[3,0] 	 -9 	 7692 
[3,4],	24 
[4,0] 	 -7 	 7728 
[3,2],	26 
[2,0] 	 1 	 7761 
[3,2],	26 
[2,0] 	 1 	 7789 
[4,3],	23 
[3,0] 	 -9 	 7824 
[0,2],	3 
[2,0] 	 1 	 15512 
[2,3],	23 
[3,0] 	 -9 	 15544 
[2,4],	32 
[4,0] 	 -7 	 15558 
[2,4],	32 
[4,0] 	 -7 	 15590 
[0,3],	-6 
[3,0] 	 -9 	 18511 
[3,4],	24 
[4,0] 	 0 	 18538 
[3,4],	24 
[4,0] 	 0 	 18569 
[3,2],	26 
[2,0] 	 1 	 18575 
[3,2],	26 
[2,0] 	 0 	 18631 
[2,4],	32 
[4,0] 	 0 	 18654 
[2,3],	23 
[3,0] 	 -9 	 18679 
[4,2],	34 
[2,0] 	 0 	 18699 
[3,2],	25 
[2,0] 	 0 	 18739 
[3,2],	26 
[2,0] 	 0 	 18762 
[2,4],	32 
[4,0] 	 0 	 18796 
[2,3],	23 
[3,0] 	 -9 	 18822 
[3,2],	26 
[2,0] 	 0 	 18876 
[3,4],	24 
[4,0] 	 -1 	 18881 
[3,2],	26 
[2,0] 	 0 	 18914 
[2,4],	32 
Start Interrupt on 2/12/2015 10:02:58 AM
[4,0] 	 0 	 18944 
[2,3],	24 
[3,0] 	 -9 	 18960 
[2,4],	32 
[4,0] 	 0 	 18968 
[4,2],	34 
[2,0] 	 0 	 19002 
[4,3],	23 
[3,0] 	 -9 	 19008 
[2,3],	24 
[3,0] 	 -11 	 19031 
[4,2],	34 
[2,0] 	 0 	 19042 
[4,3],	23 
[3,0] 	 -9 	 19054 
[2,4],	32 
[4,0] 	 0 	 19087 
[2,3],	23 
[3,0] 	 -9 	 19093 
[4,2],	34 
[2,0] 	 0 	 19129 
[3,4],	22 
[4,0] 	 0 	 19137 
[3,2],	26 
[2,0] 	 0 	 19159 
[2,4],	32 
[4,0] 	 0 	 19202 
[3,4],	24 
[4,0] 	 0 	 19228 
[4,2],	34 
[2,0] 	 0 	 19262 
[3,4],	24 
[4,0] 	 0 	 19268 
[2,3],	24 
[3,0] 	 -11 	 19296 
[4,2],	34 
[2,0] 	 0 	 19317 
[2,3],	23 
[3,0] 	 -9 	 19364 
[3,4],	24 
[4,0] 	 -1 	 19396 
[3,4],	24 
[4,0] 	 0 	 19414 
[3,2],	26 
[2,0] 	 0 	 19421 
[3,2],	26 
[2,0] 	 0 	 19447 
[4,3],	23 
[3,0] 	 -9 	 19453 
[4,3],	23 
[3,0] 	 -9 	 19502 
[2,4],	32 
[4,0] 	 0 	 19508 
[4,2],	34 
[2,0] 	 0 	 19537 
[4,3],	23 
[3,0] 	 -9 	 19544 
[4,2],	34 
[2,0] 	 0 	 19583 
[4,3],	23 
[3,0] 	 -9 	 19599 
[2,3],	23 
[3,0] 	 -9 	 19621 
[4,2],	34 
[2,0] 	 0 	 19666 
[3,2],	26 
[2,0] 	 0 	 19720 
[2,3],	23 
[3,0] 	 -9 	 19767 
[2,4],	32 
[4,0] 	 0 	 19773 
[3,2],	26 
[2,0] 	 0 	 19819 
[3,2],	26 
[2,0] 	 0 	 19854 
[4,3],	23 
[3,0] 	 -8 	 19871 
[2,4],	32 
[4,0] 	 0 	 19890 
[2,3],	23 
End Interrupt on 2/12/2015 10:03:08 AM
[3,0] 	 -7 	 19925 
[4,2],	34 
[2,0] 	 -5 	 19937 
[3,2],	26 
[2,0] 	 -4 	 19977 
[3,4],	24 
[4,0] 	 -2 	 19983 
[3,2],	26 
[2,0] 	 -5 	 20005 
[2,4],	32 
[4,0] 	 -3 	 20043 
[2,4],	32 
[4,0] 	 -4 	 20069 
[2,3],	23 
[3,0] 	 -8 	 20075 
[4,2],	34 
[2,0] 	 2 	 20107 
[3,2],	26 
[2,0] 	 2 	 20141 
[2,4],	32 
[4,0] 	 -3 	 20189 
Start Interrupt on 2/12/2015 10:03:11 AM
[2,3],	23 
[3,0] 	 -12 	 20197 
[4,2],	34 
[2,0] 	 1 	 20265 
[3,4],	24 
[4,0] 	 -3 	 20271 
[3,2],	26 
[2,0] 	 1 	 20308 
[2,4],	32 
[4,0] 	 -3 	 20345 
[4,2],	34 
[2,0] 	 1 	 20398 
[4,2],	34 
[2,0] 	 1 	 20440 
[2,4],	32 
[4,0] 	 -5 	 20474 
[2,3],	23 
[3,0] 	 -13 	 20481 
[4,3],	23 
[3,0] 	 -13 	 20510 
[4,2],	34 
End Interrupt on 2/12/2015 10:03:14 AM
[2,0] 	 1 	 20518 
[4,3],	23 
[3,0] 	 -13 	 20560 
[3,2],	26 
[2,0] 	 1 	 20597 
[2,4],	32 
[4,0] 	 -6 	 20631 
[2,3],	24 
[3,0] 	 -12 	 20638 
[4,3],	23 
[3,0] 	 -12 	 20672 
[4,2],	34 
[2,0] 	 0 	 20678 
[3,4],	24 
[4,0] 	 -6 	 20707 
[2,3],	23 
[3,0] 	 -12 	 20713 
[0,4],	-2 
[4,0] 	 -6 	 21516 
[0,2],	3 
[2,0] 	 1 	 30512 
[2,4],	32 
[4,0] 	 -6 	 30556 
[4,2],	34 
[2,0] 	 1 	 30599 
[4,3],	23 
[3,0] 	 -10 	 30605 
[2,3],	23 
[3,0] 	 -10 	 30625 
[4,2],	34 
[2,0] 	 1 	 30646 
[4,3],	23 
[3,0] 	 -10 	 30665 
[2,4],	32 
[4,0] 	 -7 	 30690 
[3,2],	26 
[2,0] 	 1 	 30723 
[4,3],	23 
[3,0] 	 -10 	 30738 
[4,2],	34 
[2,0] 	 1 	 30778 
[4,3],	24 
[3,0] 	 -10 	 30784 
[3,4],	22 
[4,0] 	 -4 	 30828 
[3,2],	25 
[2,0] 	 1 	 30835 
[2,3],	24 
[3,0] 	 -10 	 30894 
[4,3],	24 
[3,0] 	 -10 	 30921 
[3,4],	24 
[4,0] 	 -6 	 30965 
[3,2],	26 
File Started on: 2/12/2015 10:03:36 AM
[3,2],	26 
[2,0] 	 1 	 -4645 
[3,2],	26 
[2,0] 	 1 	 -4601 
[4,3],	23 
[3,0] 	 -13 	 -4576 
[2,4],	32 
[4,0] 	 -6 	 -4563 
[2,4],	32 
[4,0] 	 -5 	 -4541 
[4,2],	34 
[2,0] 	 1 	 -4480 
[2,3],	23 
[3,0] 	 -10 	 -4446 
[3,4],	24 
[4,0] 	 -6 	 -4413 
[3,2],	26 
[2,0] 	 1 	 -4389 
[2,3],	23 
[3,0] 	 -13 	 -4338 
[3,4],	24 
[4,0] 	 -2 	 -4315 
[3,2],	26 
[2,0] 	 2 	 -4284 
[3,2],	26 
[2,0] 	 1 	 -4261 
[4,2],	34 
[2,0] 	 1 	 -4228 
[4,3],	23 
[3,0] 	 -7 	 -4222 
[3,2],	25 
[2,0] 	 -6 	 -4170 
[3,2],	26 
[2,0] 	 2 	 -4120 
[2,4],	31 
[4,0] 	 1 	 -4097 
[2,3],	23 
[3,0] 	 -8 	 -4063 
Start Interrupt on 2/12/2015 10:03:42 AM
[2,4],	32 
[4,0] 	 0 	 -4057 
[3,2],	26 
[2,0] 	 0 	 -4024 
[3,4],	24 
[4,0] 	 0 	 -4018 
[3,2],	26 
[2,0] 	 1 	 -3986 
[2,4],	32 
[4,0] 	 1 	 -3953 
[2,4],	30 
[4,0] 	 1 	 -3933 
[2,3],	24 
[3,0] 	 -9 	 -3927 
[3,4],	24 
[4,0] 	 1 	 -3905 
[3,4],	22 
[4,0] 	 1 	 -3887 
[3,2],	25 
[2,0] 	 1 	 -3882 
[4,2],	34 
[2,0] 	 1 	 -3847 
[0,3],	-8 
[3,0] 	 -9 	 -2018 
[3,4],	24 
[4,0] 	 1 	 -1992 
[3,2],	26 
[2,0] 	 1 	 -1972 
[3,4],	24 
[4,0] 	 0 	 -1966 
[2,4],	32 
[4,0] 	 0 	 -1931 
[0,4],	-1 
[4,0] 	 -4 	 977 
[4,3],	23 
[3,0] 	 -13 	 1007 
[0,2],	3 
[2,0] 	 1 	 9977 
[2,3],	24 
[3,0] 	 -10 	 10018 
[2,4],	32 
End Interrupt on 2/12/2015 10:04:02 AM
[4,0] 	 -6 	 10035 
[3,2],	26 
[2,0] 	 0 	 10058 
[2,4],	32 
[4,0] 	 -4 	 10064 
[4,2],	34 
[2,0] 	 1 	 10132 
[4,3],	23 
[3,0] 	 -10 	 10144 
[0,3],	-9 
[3,0] 	 -15 	 12976 
[3,2],	26 
[2,0] 	 1 	 13019 
[4,3],	23 
[3,0] 	 -13 	 13096 
[0,4],	-2 
[4,0] 	 -6 	 15977 
[4,3],	23 
[3,0] 	 -11 	 16012 
[4,2],	34 
[2,0] 	 1 	 16019 
[3,4],	24 
[4,0] 	 -6 	 16059 
[3,2],	25 
[2,0] 	 1 	 16066 
[2,4],	32 
[4,0] 	 -6 	 16107 
[2,3],	23 
[3,0] 	 -10 	 16113 
[3,4],	24 
[4,0] 	 -6 	 16134 
[4,2],	34 
[2,0] 	 1 	 16174 
[3,2],	26 
[2,0] 	 0 	 16208 
[4,3],	23 
[3,0] 	 -10 	 16226 
[2,4],	32 
[4,0] 	 -4 	 16250 
[3,2],	26 
[2,0] 	 0 	 16294 
[3,2],	26 
