[0,4],14 
[4,0],9,-24533 
[0,4],14 
[4,0],9,-19524 
[0,4],13 
[0,4],14 
[4,0],9,5471 
[0,4],16 
[4,0],12,10473 
[0,4],12 
[4,0],8,15467 
[0,4],14 
[0,4],14 
[4,0],8,-15063 
[0,4],14 
[4,0],8,-10069 
[0,4],14 
[4,0],8,-5057 
[0,4],14 
[0,4],13 
[4,0],7,23319 
[0,4],11 
[4,0],7,28321 
[0,4],14 
[4,0],10,647 
[0,4],14 
[4,0],10,5642 
[0,4],14 
[4,0],10,10640 
[0,4],14 
[4,0],8,15648 
[0,4],14 
[4,0],9,-26490 
[0,4],13 
[4,0],9,-13099 
[0,4],14 
[4,0],9,-8101 
[0,4],15 
[0,4],14 
[4,0],8,-252 
[0,4],14 
[0,4],14 
[4,0],10,21538 
[0,4],14 
[4,0],10,26534 
Start Interrupt
[0,4],14 
[4,0],10,31545 
End Interrupt
[0,4],14 
[4,0],10,-29007 
[0,4],15 
Start Interrupt
[4,0],12,466 
[0,4],13 
[4,0],9,5467 
[0,4],14 
[4,0],10,10469 
End Interrupt
[0,4],14 
[4,0],10,15464 
[0,4],14 
[4,0],8,20462 
[0,4],13 
[4,0],7,25468 
[0,4],15 
[4,0],12,30469 
[0,4],14 
[4,0],9,-30075 
[0,4],15 
Start Interrupt
[4,0],12,-25073 
[0,4],14 
[4,0],10,-20070 
[0,4],16 
[4,0],12,-15073 
End Interrupt
[0,4],15 
[4,0],12,-2752 
Start Interrupt
[0,4],14 
End Interrupt
[0,4],15 
[0,4],16 
[4,0],13,16710 
[0,4],16 
[4,0],14,21712 
[0,4],14 
[4,0],10,26716 
[0,4],12 
[4,0],8,31716 
[0,4],15 
[4,0],12,-28817 
[0,4],12 
Start Interrupt
[4,0],7,-23820 
[0,4],14 
[4,0],12,-18821 
[0,4],16 
[4,0],12,-13828 
[0,4],14 
[4,0],10,-8825 
[0,4],15 
[4,0],12,-3828 
[0,4],15 
[4,0],12,1173 
[0,4],15 
[4,0],12,6173 
[0,4],16 
[4,0],14,11175 
[0,4],16 
End Interrupt
[4,0],14,16185 
[0,2],17 
[2,0],14,-13493 
[2,4],17 
[4,0],20,-13453 
[2,3],12 
[3,0],5,-13448 
[4,2],20 
[2,0],14,-13407 
[4,2],19 
[2,0],14,-13363 
[4,3],13 
[3,0],4,-13350 
[2,4],17 
[4,0],20,-13322 
[2,3],12 
[3,0],4,-13316 
[4,2],18 
[2,0],14,-13280 
[3,4],16 
[4,0],20,-13272 
[2,3],13 
[3,0],4,-13248 
[4,2],18 
[2,0],14,-13240 
[2,3],12 
[3,0],4,-13196 
[2,4],17 
[4,0],20,-13189 
[0,3],4 
[3,0],4,-12494 
[3,4],16 
[4,0],20,-12463 
[3,2],16 
[2,0],13,-12446 
[3,4],16 
[4,0],20,-12441 
[3,2],18 
[2,0],14,-12414 
[4,3],13 
[3,0],4,-12400 
[2,3],10 
[3,0],3,-12367 
[4,2],19 
[2,0],14,-12361 
[3,4],16 
[4,0],21,-12319 
[3,2],16 
[2,0],14,-12279 
[4,3],14 
[3,0],5,-12269 
[2,3],10 
[3,0],5,-12217 
[3,4],16 
[4,0],20,-12175 
[3,2],16 
[2,0],14,-12166 
[4,2],18 
[2,0],14,-12136 
[4,2],19 
[2,0],14,-12113 
[4,3],14 
[3,0],5,-12095 
Start Interrupt
[2,3],10 
[3,0],4,-12077 
[2,4],17 
[4,0],20,-12071 
[3,4],16 
[4,0],20,-12032 
[3,2],18 
[2,0],14,-12025 
[3,2],17 
[2,0],14,-11995 
[2,4],17 
[4,0],20,-11965 
[2,4],17 
[4,0],21,-11928 
[2,3],12 
[3,0],4,-11922 
[4,2],19 
[2,0],14,-11889 
[4,3],13 
[3,0],4,-11884 
[3,2],16 
[2,0],14,-11847 
[4,3],13 
[3,0],5,-11816 
[2,4],17 
[4,0],20,-11798 
[4,2],19 
[2,0],14,-11759 
[4,3],13 
[3,0],5,-11754 
[4,2],19 
[2,0],14,-11719 
[4,3],13 
[3,0],4,-11710 
[2,3],10 
[3,0],5,-11676 
[2,4],17 
[4,0],20,-11671 
[4,3],13 
[3,0],5,-11635 
[4,2],19 
[2,0],14,-11629 
[2,3],12 
[3,0],5,-11603 
[3,4],16 
[4,0],20,-11574 
[3,2],17 
[2,0],14,-11555 
[4,2],19 
[2,0],14,-11538 
[2,4],17 
[4,0],20,-11501 
[2,3],10 
[3,0],5,-11496 
[3,4],16 
[4,0],20,-11464 
[3,2],16 
[2,0],14,-11440 
[4,2],18 
[2,0],14,-11401 
[4,3],14 
[3,0],5,-11387 
[0,2],16 
[2,0],14,-8483 
[2,4],17 
[4,0],20,-8452 
[2,3],12 
[3,0],5,-8446 
[4,2],20 
[2,0],13,-8408 
[2,3],12 
[3,0],6,-8372 
[4,2],20 
[2,0],14,-8362 
[4,3],11 
[3,0],5,-8353 
[2,4],17 
[4,0],20,-8331 
[4,2],18 
[2,0],14,-8293 
[4,2],20 
[2,0],14,-8246 
[4,3],14 
[3,0],5,-8236 
[2,3],12 
[3,0],5,-8211 
[2,4],17 
[4,0],21,-8205 
[4,2],18 
[2,0],14,-8169 
End Interrupt
[2,3],12 
[3,0],5,-8136 
[4,2],19 
[2,0],14,-8121 
[4,3],14 
[3,0],5,-8107 
[2,4],17 
[4,0],21,-8082 
[2,3],10 
[3,0],5,-8076 
[4,3],14 
[3,0],4,-8037 
[4,2],20 
[2,0],14,-8030 
[4,3],15 
[3,0],4,-7976 
[2,3],12 
[3,0],5,-7951 
[2,4],16 
[4,0],20,-7945 
[3,4],16 
[4,0],20,-7917 
[3,2],16 
[2,0],14,-7895 
[3,2],16 
[2,0],14,-7854 
[2,4],17 
[4,0],20,-7830 
[2,3],12 
[3,0],4,-7807 
[2,4],17 
[4,0],20,-7801 
[4,2],19 
[2,0],14,-7772 
[3,4],16 
[4,0],21,-7766 
[4,2],19 
[2,0],14,-7727 
[2,3],12 
[0,2],16 
[2,0],14,1514 
[2,3],10 
[3,0],5,1543 
[2,4],17 
[4,0],20,1554 
[3,4],16 
[4,0],20,1583 
[2,3],10 
[3,0],5,1588 
[3,2],16 
[2,0],14,1612 
[4,2],19 
[2,0],14,1647 
[0,3],4 
[3,0],6,2512 
[3,4],15 
[4,0],20,2539 
[3,2],16 
[2,0],14,2575 
[3,4],16 
[4,0],21,2582 
[2,3],12 
[3,0],5,2615 
[2,4],17 
[4,0],20,2621 
[3,2],17 
[2,0],14,2669 
[3,4],16 
[4,0],21,2675 
[3,2],16 
[2,0],14,2713 
[2,4],17 
[4,0],20,2751 
[2,3],10 
[3,0],4,2763 
[3,4],16 
[4,0],20,2799 
[3,2],16 
[2,0],14,2831 
[4,2],19 
[2,0],14,2872 
[0,4],18 
[4,0],20,3512 
[4,2],19 
[0,3],22 
[3,0],19,23219 
[0,3],22 
[3,0],19,28226 
[0,3],22 
[3,0],19,-32312 
[0,3],20 
[3,0],19,-27313 
[0,3],20 
[3,0],20,-22306 
Start Interrupt
[0,3],22 
[3,0],18,-17313 
[0,3],19 
[3,0],20,-12315 
[0,3],23 
[3,0],20,-7312 
[0,3],23 
[3,0],20,-2310 
[0,3],20 
[3,0],19,2691 
[0,3],22 
[3,0],19,7683 
[0,3],23 
[3,0],20,12686 
[0,3],18 
[3,0],19,17694 
[0,3],22 
[3,0],19,22689 
[0,3],22 
[3,0],19,27684 
[0,3],22 
[3,0],19,32688 
[0,3],19 
[3,0],19,-27850 
[0,3],19 
[3,0],19,-22851 
[0,3],20 
[3,0],19,-17851 
[0,3],16 
[3,0],16,-12849 
[0,3],20 
[3,0],20,-7856 
[0,3],19 
[3,0],20,-2854 
[0,3],18 
[3,0],19,2152 
[0,3],18 
[3,0],19,7158 
[0,3],18 
[3,0],18,12151 
[0,3],18 
[3,0],20,17148 
[0,3],18 
[3,0],20,22156 
[0,3],18 
[3,0],18,27148 
[0,3],16 
[3,0],18,32154 
[0,3],18 
[3,0],20,-28384 
[0,3],18 
[3,0],18,-23388 
[0,3],18 
[3,0],19,-18387 
[0,3],18 
[3,0],20,-13381 
[0,3],18