[0,4],21 
[4,0],18,114 
[0,4],21 
[4,0],18,5108 
[0,4],21 
[4,0],18,10111 
[0,4],21 
[4,0],18,15117 
[0,4],15 
[4,0],20,-15431 
[0,4],15 
[4,0],20,-10420 
[0,4],24 
[4,0],18,-5417 
[0,4],23 
[4,0],19,-422 
[0,4],23 
[4,0],19,-30960 
[0,4],15 
[4,0],19,-25958 
[0,4],23 
[4,0],19,-20956 
[0,4],15 
[4,0],19,-15964 
[0,4],15 
[4,0],19,-10957 
[0,4],17 
[4,0],19,-5954 
[0,4],15 
[4,0],19,-962 
[0,4],15 
[4,0],19,4041 
[0,4],15 
[4,0],19,9043 
[0,4],15 
[4,0],19,14043 
[0,4],15 
[4,0],19,19041 
[0,4],15 
[4,0],19,24031 
[0,4],15 
[4,0],19,29034 
[0,4],23 
[4,0],18,-31502 
[0,4],16 
[4,0],20,-26492 
[0,4],18 
[4,0],20,-21503 
[0,4],15 
[4,0],19,-28096 
[0,4],15 
[4,0],19,-23113 
[0,4],15 
[4,0],19,-18111 
[0,4],15 
[4,0],19,-13103 
[0,4],15 
[4,0],19,-8111 
[0,4],15 
[4,0],19,-3099 
[0,4],15 
[4,0],19,1899 
[0,4],15 
[4,0],19,6894 
[0,4],15 
[4,0],20,11900 
[0,4],18 
[4,0],20,16889 
[0,4],18 
[4,0],20,21894 
[0,4],19 
[4,0],20,26898 
[0,4],21 
[4,0],22,31889 
[0,4],19 
[4,0],21,-10245 
[0,4],19 
[4,0],22,-5246 
[0,4],21 
[4,0],21,-241 
[0,4],21 
[4,0],15,4757 
[0,4],9 
[4,0],5,9047 
[0,4],9 
[4,0],5,14053 
[0,4],9 
[4,0],5,19048 
[0,4],6 
[4,0],4,-22921 
[0,4],6 
[4,0],4,-17916 
[0,4],0 
[4,0],-6,-20600 
[0,4],-6 
[4,0],-6,-15603 
[0,4],-4 
[4,0],-8,13332 
[0,4],-6 
[4,0],-8,18328 
