File Started on: 24/11/2015 4:44:46 PM
0,7502 
[3,4],0 
[4,0],6,7539 
[4,3],-6 
[3,0],0,7589 
[4,3],-3 
[3,0],0,7651 
[0,4],8 
[4,0],6,8504 
[4,3],-2 
[3,0],1,8540 
[0,3],0 
Start Interrupt on 24/11/2015 4:44:55 PM
[3,0],2,12511 
[3,4],0 
[4,0],5,12546 
[4,3],-6 
[3,0],2,12627 
[0,4],8 
[4,0],6,13506 
[4,3],-6 
[3,0],2,13542 
End Interrupt on 24/11/2015 4:44:58 PM
[4,3],-3 
[3,0],1,13587 
[0,3],0 
[3,0],1,17508 
[3,4],0 
[4,0],6,17542 
[3,4],0 
[4,0],6,17561 
[4,3],-2 
Start Interrupt on 24/11/2015 4:45:02 PM
End Interrupt on 24/11/2015 4:45:03 PM
File Started on: 24/11/2015 4:45:19 PM
[0,3],0 
[3,0],2,-23029 
[3,4],0 
[4,0],6,-22996 
[3,4],0 
[4,0],5,-22975 
[4,3],-6 
[3,0],1,-22885 
[0,4],8 
[4,0],5,-22029 
Start Interrupt on 24/11/2015 4:45:23 PM
[4,3],-6 
[3,0],1,-21983 
[3,4],-1 
[4,0],5,-21946 
[0,3],1 
[3,0],2,-18028 
[3,4],0 
End Interrupt on 24/11/2015 4:45:26 PM
[4,0],5,-17995 
[3,4],0 
[4,0],5,-17972 
[4,3],-5 
[3,0],2,-17896 
[0,4],8 
[4,0],5,-17017 
[4,3],-3 
[3,0],1,-16975 
Start Interrupt on 24/11/2015 4:45:28 PM
[3,4],0 
[4,0],5,-16928 
[4,3],-6 
[3,0],1,-16891 
[4,3],-3 
[3,0],1,-16848 
[3,4],0 
End Interrupt on 24/11/2015 4:45:32 PM
[4,0],6,-16811 
[4,3],-6 
[3,0],1,-16716 
[3,4],0 
[4,0],6,-16684 
[4,3],-6 
[3,0],2,-16580 
[0,3],0 
File Started on: 1/12/2015 9:32:12 PM
[0,2],	6 
[2,0] 	 4 	 12298 
[0,2],	5 
